lad22cd,lad22nm,category,count_21,count_11,change
E09000001,City of London,Aged 1 year,57,52,5
E09000001,City of London,Aged 10 years,50,39,11
E09000001,City of London,Aged 11 years,42,28,14
E09000001,City of London,Aged 12 years,34,35,-1
E09000001,City of London,Aged 13 years,22,41,-19
E09000001,City of London,Aged 14 years,26,26,0
E09000001,City of London,Aged 15 years,32,33,-1
E09000001,City of London,Aged 16 years,36,31,5
E09000001,City of London,Aged 17 years,37,41,-4
E09000001,City of London,Aged 18 years,60,51,9
E09000001,City of London,Aged 19 years,52,41,11
E09000001,City of London,Aged 2 years,34,41,-7
E09000001,City of London,Aged 20 years,113,70,43
E09000001,City of London,Aged 21 years,131,60,71
E09000001,City of London,Aged 22 years,193,123,70
E09000001,City of London,Aged 23 years,307,143,164
E09000001,City of London,Aged 24 years,221,149,72
E09000001,City of London,Aged 25 years,245,170,75
E09000001,City of London,Aged 26 years,262,189,73
E09000001,City of London,Aged 27 years,240,193,47
E09000001,City of London,Aged 28 years,227,220,7
E09000001,City of London,Aged 29 years,239,184,55
E09000001,City of London,Aged 3 years,39,34,5
E09000001,City of London,Aged 30 years,243,182,61
E09000001,City of London,Aged 31 years,201,182,19
E09000001,City of London,Aged 32 years,211,153,58
E09000001,City of London,Aged 33 years,186,153,33
E09000001,City of London,Aged 34 years,159,150,9
E09000001,City of London,Aged 35 years,174,122,52
E09000001,City of London,Aged 36 years,152,136,16
E09000001,City of London,Aged 37 years,129,104,25
E09000001,City of London,Aged 38 years,134,118,16
E09000001,City of London,Aged 39 years,135,118,17
E09000001,City of London,Aged 4 years,40,39,1
E09000001,City of London,Aged 40 years,113,141,-28
E09000001,City of London,Aged 41 years,108,101,7
E09000001,City of London,Aged 42 years,103,136,-33
E09000001,City of London,Aged 43 years,117,151,-34
E09000001,City of London,Aged 44 years,106,98,8
E09000001,City of London,Aged 45 years,108,126,-18
E09000001,City of London,Aged 46 years,96,133,-37
E09000001,City of London,Aged 47 years,107,115,-8
E09000001,City of London,Aged 48 years,100,116,-16
E09000001,City of London,Aged 49 years,133,110,23
E09000001,City of London,Aged 5 years,27,32,-5
E09000001,City of London,Aged 50 years,123,97,26
E09000001,City of London,Aged 51 years,138,88,50
E09000001,City of London,Aged 52 years,142,94,48
E09000001,City of London,Aged 53 years,141,108,33
E09000001,City of London,Aged 54 years,96,84,12
E09000001,City of London,Aged 55 years,113,90,23
E09000001,City of London,Aged 56 years,98,106,-8
E09000001,City of London,Aged 57 years,111,93,18
E09000001,City of London,Aged 58 years,98,93,5
E09000001,City of London,Aged 59 years,98,94,4
E09000001,City of London,Aged 6 years,28,47,-19
E09000001,City of London,Aged 60 years,103,88,15
E09000001,City of London,Aged 61 years,95,92,3
E09000001,City of London,Aged 62 years,84,87,-3
E09000001,City of London,Aged 63 years,100,115,-15
E09000001,City of London,Aged 64 years,77,81,-4
E09000001,City of London,Aged 65 years,87,73,14
E09000001,City of London,Aged 66 years,80,74,6
E09000001,City of London,Aged 67 years,67,60,7
E09000001,City of London,Aged 68 years,75,73,2
E09000001,City of London,Aged 69 years,82,49,33
E09000001,City of London,Aged 7 years,42,38,4
E09000001,City of London,Aged 70 years,58,54,4
E09000001,City of London,Aged 71 years,62,54,8
E09000001,City of London,Aged 72 years,61,62,-1
E09000001,City of London,Aged 73 years,76,46,30
E09000001,City of London,Aged 74 years,63,42,21
E09000001,City of London,Aged 75 years,49,50,-1
E09000001,City of London,Aged 76 years,51,34,17
E09000001,City of London,Aged 77 years,46,26,20
E09000001,City of London,Aged 78 years,34,38,-4
E09000001,City of London,Aged 79 years,28,37,-9
E09000001,City of London,Aged 8 years,30,40,-10
E09000001,City of London,Aged 80 years,45,28,17
E09000001,City of London,Aged 81 years,42,25,17
E09000001,City of London,Aged 82 years,28,31,-3
E09000001,City of London,Aged 83 years,27,38,-11
E09000001,City of London,Aged 84 years,22,24,-2
E09000001,City of London,Aged 85 and over,121,117,4
E09000001,City of London,Aged 9 years,33,25,8
E09000001,City of London,Aged under 1 year,44,70,-26
E09000002,Barking and Dagenham,Aged 1 year,3427,3726,-299
E09000002,Barking and Dagenham,Aged 10 years,3714,2559,1155
E09000002,Barking and Dagenham,Aged 11 years,3600,2405,1195
E09000002,Barking and Dagenham,Aged 12 years,3689,2516,1173
E09000002,Barking and Dagenham,Aged 13 years,3639,2758,881
E09000002,Barking and Dagenham,Aged 14 years,3590,2519,1071
E09000002,Barking and Dagenham,Aged 15 years,3313,2534,779
E09000002,Barking and Dagenham,Aged 16 years,3321,2637,684
E09000002,Barking and Dagenham,Aged 17 years,3061,2609,452
E09000002,Barking and Dagenham,Aged 18 years,2956,2516,440
E09000002,Barking and Dagenham,Aged 19 years,2472,2289,183
E09000002,Barking and Dagenham,Aged 2 years,3387,3783,-396
E09000002,Barking and Dagenham,Aged 20 years,2393,2502,-109
E09000002,Barking and Dagenham,Aged 21 years,2405,2431,-26
E09000002,Barking and Dagenham,Aged 22 years,2702,2527,175
E09000002,Barking and Dagenham,Aged 23 years,2846,2849,-3
E09000002,Barking and Dagenham,Aged 24 years,2894,2744,150
E09000002,Barking and Dagenham,Aged 25 years,2919,2797,122
E09000002,Barking and Dagenham,Aged 26 years,3001,3045,-44
E09000002,Barking and Dagenham,Aged 27 years,2969,2924,45
E09000002,Barking and Dagenham,Aged 28 years,3163,3137,26
E09000002,Barking and Dagenham,Aged 29 years,3164,3068,96
E09000002,Barking and Dagenham,Aged 3 years,3617,3763,-146
E09000002,Barking and Dagenham,Aged 30 years,3252,3195,57
E09000002,Barking and Dagenham,Aged 31 years,3550,3087,463
E09000002,Barking and Dagenham,Aged 32 years,3748,3027,721
E09000002,Barking and Dagenham,Aged 33 years,3768,2997,771
E09000002,Barking and Dagenham,Aged 34 years,3737,2935,802
E09000002,Barking and Dagenham,Aged 35 years,3772,2944,828
E09000002,Barking and Dagenham,Aged 36 years,3869,3044,825
E09000002,Barking and Dagenham,Aged 37 years,3667,2901,766
E09000002,Barking and Dagenham,Aged 38 years,3758,2888,870
E09000002,Barking and Dagenham,Aged 39 years,3572,2729,843
E09000002,Barking and Dagenham,Aged 4 years,3664,3669,-5
E09000002,Barking and Dagenham,Aged 40 years,3770,2907,863
E09000002,Barking and Dagenham,Aged 41 years,3487,2696,791
E09000002,Barking and Dagenham,Aged 42 years,3524,2761,763
E09000002,Barking and Dagenham,Aged 43 years,3141,2723,418
E09000002,Barking and Dagenham,Aged 44 years,3151,2629,522
E09000002,Barking and Dagenham,Aged 45 years,3101,2567,534
E09000002,Barking and Dagenham,Aged 46 years,3109,2555,554
E09000002,Barking and Dagenham,Aged 47 years,3031,2451,580
E09000002,Barking and Dagenham,Aged 48 years,2807,2399,408
E09000002,Barking and Dagenham,Aged 49 years,2882,2244,638
E09000002,Barking and Dagenham,Aged 5 years,3700,3323,377
E09000002,Barking and Dagenham,Aged 50 years,2897,2248,649
E09000002,Barking and Dagenham,Aged 51 years,2860,2099,761
E09000002,Barking and Dagenham,Aged 52 years,2805,1979,826
E09000002,Barking and Dagenham,Aged 53 years,2800,1899,901
E09000002,Barking and Dagenham,Aged 54 years,2473,1787,686
E09000002,Barking and Dagenham,Aged 55 years,2510,1632,878
E09000002,Barking and Dagenham,Aged 56 years,2410,1606,804
E09000002,Barking and Dagenham,Aged 57 years,2205,1576,629
E09000002,Barking and Dagenham,Aged 58 years,2254,1526,728
E09000002,Barking and Dagenham,Aged 59 years,1947,1387,560
E09000002,Barking and Dagenham,Aged 6 years,3527,2959,568
E09000002,Barking and Dagenham,Aged 60 years,2029,1398,631
E09000002,Barking and Dagenham,Aged 61 years,1777,1370,407
E09000002,Barking and Dagenham,Aged 62 years,1719,1336,383
E09000002,Barking and Dagenham,Aged 63 years,1524,1349,175
E09000002,Barking and Dagenham,Aged 64 years,1537,1346,191
E09000002,Barking and Dagenham,Aged 65 years,1374,1114,260
E09000002,Barking and Dagenham,Aged 66 years,1296,1043,253
E09000002,Barking and Dagenham,Aged 67 years,1154,943,211
E09000002,Barking and Dagenham,Aged 68 years,1126,1022,104
E09000002,Barking and Dagenham,Aged 69 years,992,828,164
E09000002,Barking and Dagenham,Aged 7 years,3592,2707,885
E09000002,Barking and Dagenham,Aged 70 years,976,816,160
E09000002,Barking and Dagenham,Aged 71 years,952,910,42
E09000002,Barking and Dagenham,Aged 72 years,910,899,11
E09000002,Barking and Dagenham,Aged 73 years,994,874,120
E09000002,Barking and Dagenham,Aged 74 years,946,827,119
E09000002,Barking and Dagenham,Aged 75 years,758,807,-49
E09000002,Barking and Dagenham,Aged 76 years,668,782,-114
E09000002,Barking and Dagenham,Aged 77 years,626,729,-103
E09000002,Barking and Dagenham,Aged 78 years,673,722,-49
E09000002,Barking and Dagenham,Aged 79 years,512,739,-227
E09000002,Barking and Dagenham,Aged 8 years,3734,2694,1040
E09000002,Barking and Dagenham,Aged 80 years,546,758,-212
E09000002,Barking and Dagenham,Aged 81 years,562,722,-160
E09000002,Barking and Dagenham,Aged 82 years,528,575,-47
E09000002,Barking and Dagenham,Aged 83 years,505,642,-137
E09000002,Barking and Dagenham,Aged 84 years,441,506,-65
E09000002,Barking and Dagenham,Aged 85 and over,2488,3063,-575
E09000002,Barking and Dagenham,Aged 9 years,3778,2648,1130
E09000002,Barking and Dagenham,Aged under 1 year,3156,3735,-579
E09000003,Barnet,Aged 1 year,4813,5324,-511
E09000003,Barnet,Aged 10 years,5262,4163,1099
E09000003,Barnet,Aged 11 years,5177,4328,849
E09000003,Barnet,Aged 12 years,5199,4257,942
E09000003,Barnet,Aged 13 years,5222,4319,903
E09000003,Barnet,Aged 14 years,4947,4226,721
E09000003,Barnet,Aged 15 years,4825,4350,475
E09000003,Barnet,Aged 16 years,4897,4380,517
E09000003,Barnet,Aged 17 years,4502,4459,43
E09000003,Barnet,Aged 18 years,4007,3811,196
E09000003,Barnet,Aged 19 years,3233,3580,-347
E09000003,Barnet,Aged 2 years,4818,5192,-374
E09000003,Barnet,Aged 20 years,3293,3796,-503
E09000003,Barnet,Aged 21 years,4086,4185,-99
E09000003,Barnet,Aged 22 years,4577,4804,-227
E09000003,Barnet,Aged 23 years,5102,5602,-500
E09000003,Barnet,Aged 24 years,5337,5526,-189
E09000003,Barnet,Aged 25 years,5493,6050,-557
E09000003,Barnet,Aged 26 years,5500,6123,-623
E09000003,Barnet,Aged 27 years,5523,6148,-625
E09000003,Barnet,Aged 28 years,5609,6463,-854
E09000003,Barnet,Aged 29 years,5916,6641,-725
E09000003,Barnet,Aged 3 years,4911,5286,-375
E09000003,Barnet,Aged 30 years,5952,6401,-449
E09000003,Barnet,Aged 31 years,5904,6294,-390
E09000003,Barnet,Aged 32 years,6148,6115,33
E09000003,Barnet,Aged 33 years,6116,5696,420
E09000003,Barnet,Aged 34 years,6055,5665,390
E09000003,Barnet,Aged 35 years,6135,5546,589
E09000003,Barnet,Aged 36 years,6220,5491,729
E09000003,Barnet,Aged 37 years,5935,5383,552
E09000003,Barnet,Aged 38 years,6223,5368,855
E09000003,Barnet,Aged 39 years,6276,5316,960
E09000003,Barnet,Aged 4 years,4953,4998,-45
E09000003,Barnet,Aged 40 years,6343,5421,922
E09000003,Barnet,Aged 41 years,6097,5397,700
E09000003,Barnet,Aged 42 years,6149,5286,863
E09000003,Barnet,Aged 43 years,5917,5280,637
E09000003,Barnet,Aged 44 years,5582,5205,377
E09000003,Barnet,Aged 45 years,5463,5041,422
E09000003,Barnet,Aged 46 years,5499,4831,668
E09000003,Barnet,Aged 47 years,5578,4968,610
E09000003,Barnet,Aged 48 years,5486,4619,867
E09000003,Barnet,Aged 49 years,5441,4520,921
E09000003,Barnet,Aged 5 years,4925,4850,75
E09000003,Barnet,Aged 50 years,5296,4526,770
E09000003,Barnet,Aged 51 years,5318,4215,1103
E09000003,Barnet,Aged 52 years,5193,4268,925
E09000003,Barnet,Aged 53 years,4933,4082,851
E09000003,Barnet,Aged 54 years,4905,3757,1148
E09000003,Barnet,Aged 55 years,4805,3814,991
E09000003,Barnet,Aged 56 years,4741,3564,1177
E09000003,Barnet,Aged 57 years,4773,3382,1391
E09000003,Barnet,Aged 58 years,4297,3408,889
E09000003,Barnet,Aged 59 years,4258,3381,877
E09000003,Barnet,Aged 6 years,4957,4589,368
E09000003,Barnet,Aged 60 years,4140,3332,808
E09000003,Barnet,Aged 61 years,3849,3389,460
E09000003,Barnet,Aged 62 years,3882,3401,481
E09000003,Barnet,Aged 63 years,3812,3348,464
E09000003,Barnet,Aged 64 years,3454,3442,12
E09000003,Barnet,Aged 65 years,3383,2942,441
E09000003,Barnet,Aged 66 years,3185,2912,273
E09000003,Barnet,Aged 67 years,2976,2785,191
E09000003,Barnet,Aged 68 years,2978,2543,435
E09000003,Barnet,Aged 69 years,2925,2144,781
E09000003,Barnet,Aged 7 years,4959,4365,594
E09000003,Barnet,Aged 70 years,2875,2048,827
E09000003,Barnet,Aged 71 years,2932,2158,774
E09000003,Barnet,Aged 72 years,2894,2144,750
E09000003,Barnet,Aged 73 years,2810,2016,794
E09000003,Barnet,Aged 74 years,2847,2031,816
E09000003,Barnet,Aged 75 years,2402,1956,446
E09000003,Barnet,Aged 76 years,2301,1894,407
E09000003,Barnet,Aged 77 years,2239,1778,461
E09000003,Barnet,Aged 78 years,1900,1758,142
E09000003,Barnet,Aged 79 years,1620,1648,-28
E09000003,Barnet,Aged 8 years,5242,4362,880
E09000003,Barnet,Aged 80 years,1533,1643,-110
E09000003,Barnet,Aged 81 years,1592,1526,66
E09000003,Barnet,Aged 82 years,1579,1415,164
E09000003,Barnet,Aged 83 years,1332,1216,116
E09000003,Barnet,Aged 84 years,1305,1200,105
E09000003,Barnet,Aged 85 and over,8492,7675,817
E09000003,Barnet,Aged 9 years,5169,4186,983
E09000003,Barnet,Aged under 1 year,4611,5439,-828
E09000004,Bexley,Aged 1 year,2969,3048,-79
E09000004,Bexley,Aged 10 years,3311,2897,414
E09000004,Bexley,Aged 11 years,3336,2985,351
E09000004,Bexley,Aged 12 years,3249,3044,205
E09000004,Bexley,Aged 13 years,3319,3020,299
E09000004,Bexley,Aged 14 years,3224,3072,152
E09000004,Bexley,Aged 15 years,2980,3351,-371
E09000004,Bexley,Aged 16 years,3000,3213,-213
E09000004,Bexley,Aged 17 years,3061,3361,-300
E09000004,Bexley,Aged 18 years,2671,3075,-404
E09000004,Bexley,Aged 19 years,2401,2828,-427
E09000004,Bexley,Aged 2 years,3051,3020,31
E09000004,Bexley,Aged 20 years,2462,3061,-599
E09000004,Bexley,Aged 21 years,2678,2983,-305
E09000004,Bexley,Aged 22 years,2773,3039,-266
E09000004,Bexley,Aged 23 years,2791,2908,-117
E09000004,Bexley,Aged 24 years,2802,2841,-39
E09000004,Bexley,Aged 25 years,2828,2854,-26
E09000004,Bexley,Aged 26 years,2841,2740,101
E09000004,Bexley,Aged 27 years,2978,2786,192
E09000004,Bexley,Aged 28 years,3006,2825,181
E09000004,Bexley,Aged 29 years,3225,2836,389
E09000004,Bexley,Aged 3 years,3079,3105,-26
E09000004,Bexley,Aged 30 years,3361,2970,391
E09000004,Bexley,Aged 31 years,3368,3026,342
E09000004,Bexley,Aged 32 years,3553,2927,626
E09000004,Bexley,Aged 33 years,3403,2737,666
E09000004,Bexley,Aged 34 years,3425,2813,612
E09000004,Bexley,Aged 35 years,3448,2768,680
E09000004,Bexley,Aged 36 years,3634,2902,732
E09000004,Bexley,Aged 37 years,3459,2947,512
E09000004,Bexley,Aged 38 years,3590,3114,476
E09000004,Bexley,Aged 39 years,3582,3261,321
E09000004,Bexley,Aged 4 years,3115,3034,81
E09000004,Bexley,Aged 40 years,3693,3371,322
E09000004,Bexley,Aged 41 years,3648,3466,182
E09000004,Bexley,Aged 42 years,3381,3578,-197
E09000004,Bexley,Aged 43 years,3172,3485,-313
E09000004,Bexley,Aged 44 years,3239,3781,-542
E09000004,Bexley,Aged 45 years,3128,3700,-572
E09000004,Bexley,Aged 46 years,3181,3670,-489
E09000004,Bexley,Aged 47 years,3156,3706,-550
E09000004,Bexley,Aged 48 years,3279,3540,-261
E09000004,Bexley,Aged 49 years,3270,3378,-108
E09000004,Bexley,Aged 5 years,3224,2926,298
E09000004,Bexley,Aged 50 years,3454,3442,12
E09000004,Bexley,Aged 51 years,3436,3132,304
E09000004,Bexley,Aged 52 years,3519,3086,433
E09000004,Bexley,Aged 53 years,3338,3005,333
E09000004,Bexley,Aged 54 years,3518,2830,688
E09000004,Bexley,Aged 55 years,3499,2634,865
E09000004,Bexley,Aged 56 years,3453,2553,900
E09000004,Bexley,Aged 57 years,3384,2419,965
E09000004,Bexley,Aged 58 years,3175,2404,771
E09000004,Bexley,Aged 59 years,3097,2429,668
E09000004,Bexley,Aged 6 years,3166,2793,373
E09000004,Bexley,Aged 60 years,3056,2381,675
E09000004,Bexley,Aged 61 years,2756,2398,358
E09000004,Bexley,Aged 62 years,2722,2475,247
E09000004,Bexley,Aged 63 years,2568,2767,-199
E09000004,Bexley,Aged 64 years,2473,2774,-301
E09000004,Bexley,Aged 65 years,2288,2141,147
E09000004,Bexley,Aged 66 years,2196,2174,22
E09000004,Bexley,Aged 67 years,2094,1959,135
E09000004,Bexley,Aged 68 years,2033,2024,9
E09000004,Bexley,Aged 69 years,2044,1618,426
E09000004,Bexley,Aged 7 years,3131,2816,315
E09000004,Bexley,Aged 70 years,2023,1637,386
E09000004,Bexley,Aged 71 years,2006,1831,175
E09000004,Bexley,Aged 72 years,2007,1809,198
E09000004,Bexley,Aged 73 years,2255,1760,495
E09000004,Bexley,Aged 74 years,2248,1742,506
E09000004,Bexley,Aged 75 years,1656,1660,-4
E09000004,Bexley,Aged 76 years,1722,1561,161
E09000004,Bexley,Aged 77 years,1529,1486,43
E09000004,Bexley,Aged 78 years,1572,1458,114
E09000004,Bexley,Aged 79 years,1276,1316,-40
E09000004,Bexley,Aged 8 years,3272,2668,604
E09000004,Bexley,Aged 80 years,1206,1381,-175
E09000004,Bexley,Aged 81 years,1321,1286,35
E09000004,Bexley,Aged 82 years,1288,1182,106
E09000004,Bexley,Aged 83 years,1145,1068,77
E09000004,Bexley,Aged 84 years,1050,1010,40
E09000004,Bexley,Aged 85 and over,5933,5109,824
E09000004,Bexley,Aged 9 years,3405,2812,593
E09000004,Bexley,Aged under 1 year,2815,2975,-160
E09000005,Brent,Aged 1 year,4267,4625,-358
E09000005,Brent,Aged 10 years,4196,3606,590
E09000005,Brent,Aged 11 years,4125,3629,496
E09000005,Brent,Aged 12 years,4218,3414,804
E09000005,Brent,Aged 13 years,4108,3634,474
E09000005,Brent,Aged 14 years,4224,3659,565
E09000005,Brent,Aged 15 years,3999,3721,278
E09000005,Brent,Aged 16 years,4225,3722,503
E09000005,Brent,Aged 17 years,4157,3885,272
E09000005,Brent,Aged 18 years,4125,3686,439
E09000005,Brent,Aged 19 years,4116,3575,541
E09000005,Brent,Aged 2 years,3804,4427,-623
E09000005,Brent,Aged 20 years,4189,3834,355
E09000005,Brent,Aged 21 years,4462,4188,274
E09000005,Brent,Aged 22 years,4870,4873,-3
E09000005,Brent,Aged 23 years,5389,5582,-193
E09000005,Brent,Aged 24 years,5679,5721,-42
E09000005,Brent,Aged 25 years,5681,6831,-1150
E09000005,Brent,Aged 26 years,5773,6872,-1099
E09000005,Brent,Aged 27 years,6032,6987,-955
E09000005,Brent,Aged 28 years,5883,7023,-1140
E09000005,Brent,Aged 29 years,5943,6985,-1042
E09000005,Brent,Aged 3 years,4024,4353,-329
E09000005,Brent,Aged 30 years,5989,6820,-831
E09000005,Brent,Aged 31 years,6174,6495,-321
E09000005,Brent,Aged 32 years,5960,5925,35
E09000005,Brent,Aged 33 years,5876,5612,264
E09000005,Brent,Aged 34 years,5848,5338,510
E09000005,Brent,Aged 35 years,5681,5240,441
E09000005,Brent,Aged 36 years,5589,4919,670
E09000005,Brent,Aged 37 years,5448,4789,659
E09000005,Brent,Aged 38 years,5342,4833,509
E09000005,Brent,Aged 39 years,5628,4543,1085
E09000005,Brent,Aged 4 years,3901,4258,-357
E09000005,Brent,Aged 40 years,5375,4442,933
E09000005,Brent,Aged 41 years,5520,4539,981
E09000005,Brent,Aged 42 years,4985,4345,640
E09000005,Brent,Aged 43 years,4805,4351,454
E09000005,Brent,Aged 44 years,4672,4097,575
E09000005,Brent,Aged 45 years,4785,4286,499
E09000005,Brent,Aged 46 years,4952,4248,704
E09000005,Brent,Aged 47 years,4447,4128,319
E09000005,Brent,Aged 48 years,4545,4023,522
E09000005,Brent,Aged 49 years,4390,3861,529
E09000005,Brent,Aged 5 years,4165,3907,258
E09000005,Brent,Aged 50 years,4527,3965,562
E09000005,Brent,Aged 51 years,4675,3845,830
E09000005,Brent,Aged 52 years,4876,3797,1079
E09000005,Brent,Aged 53 years,4495,3507,988
E09000005,Brent,Aged 54 years,4209,3359,850
E09000005,Brent,Aged 55 years,4118,3290,828
E09000005,Brent,Aged 56 years,4271,2994,1277
E09000005,Brent,Aged 57 years,3925,2803,1122
E09000005,Brent,Aged 58 years,3772,2741,1031
E09000005,Brent,Aged 59 years,3796,2615,1181
E09000005,Brent,Aged 6 years,3697,3845,-148
E09000005,Brent,Aged 60 years,3571,2628,943
E09000005,Brent,Aged 61 years,3442,2625,817
E09000005,Brent,Aged 62 years,3461,2374,1087
E09000005,Brent,Aged 63 years,3061,2363,698
E09000005,Brent,Aged 64 years,2853,2278,575
E09000005,Brent,Aged 65 years,2731,2037,694
E09000005,Brent,Aged 66 years,2624,1971,653
E09000005,Brent,Aged 67 years,2336,1885,451
E09000005,Brent,Aged 68 years,2408,1907,501
E09000005,Brent,Aged 69 years,2199,1780,419
E09000005,Brent,Aged 7 years,3852,3769,83
E09000005,Brent,Aged 70 years,2107,1646,461
E09000005,Brent,Aged 71 years,2073,1788,285
E09000005,Brent,Aged 72 years,1906,1710,196
E09000005,Brent,Aged 73 years,1807,1580,227
E09000005,Brent,Aged 74 years,1717,1640,77
E09000005,Brent,Aged 75 years,1488,1464,24
E09000005,Brent,Aged 76 years,1489,1460,29
E09000005,Brent,Aged 77 years,1373,1328,45
E09000005,Brent,Aged 78 years,1390,1262,128
E09000005,Brent,Aged 79 years,1248,1170,78
E09000005,Brent,Aged 8 years,4004,3529,475
E09000005,Brent,Aged 80 years,1118,1110,8
E09000005,Brent,Aged 81 years,1197,1021,176
E09000005,Brent,Aged 82 years,1104,857,247
E09000005,Brent,Aged 83 years,1035,760,275
E09000005,Brent,Aged 84 years,1024,705,319
E09000005,Brent,Aged 85 and over,5183,3595,1588
E09000005,Brent,Aged 9 years,4116,3598,518
E09000005,Brent,Aged under 1 year,3974,4783,-809
E09000006,Bromley,Aged 1 year,3835,4119,-284
E09000006,Bromley,Aged 10 years,4422,3639,783
E09000006,Bromley,Aged 11 years,4295,3563,732
E09000006,Bromley,Aged 12 years,4119,3779,340
E09000006,Bromley,Aged 13 years,4042,3778,264
E09000006,Bromley,Aged 14 years,4046,3853,193
E09000006,Bromley,Aged 15 years,3861,3818,43
E09000006,Bromley,Aged 16 years,3941,3888,53
E09000006,Bromley,Aged 17 years,3794,4024,-230
E09000006,Bromley,Aged 18 years,3230,3459,-229
E09000006,Bromley,Aged 19 years,2389,2723,-334
E09000006,Bromley,Aged 2 years,3891,4011,-120
E09000006,Bromley,Aged 20 years,2281,2793,-512
E09000006,Bromley,Aged 21 years,2575,2949,-374
E09000006,Bromley,Aged 22 years,3046,3354,-308
E09000006,Bromley,Aged 23 years,3284,3571,-287
E09000006,Bromley,Aged 24 years,3490,3452,38
E09000006,Bromley,Aged 25 years,3366,3503,-137
E09000006,Bromley,Aged 26 years,3426,3399,27
E09000006,Bromley,Aged 27 years,3739,3526,213
E09000006,Bromley,Aged 28 years,3827,3654,173
E09000006,Bromley,Aged 29 years,3967,3805,162
E09000006,Bromley,Aged 3 years,3997,3988,9
E09000006,Bromley,Aged 30 years,4049,4194,-145
E09000006,Bromley,Aged 31 years,4456,4363,93
E09000006,Bromley,Aged 32 years,4479,4199,280
E09000006,Bromley,Aged 33 years,4798,4125,673
E09000006,Bromley,Aged 34 years,4645,4183,462
E09000006,Bromley,Aged 35 years,4812,4162,650
E09000006,Bromley,Aged 36 years,4785,4424,361
E09000006,Bromley,Aged 37 years,4992,4377,615
E09000006,Bromley,Aged 38 years,4971,4618,353
E09000006,Bromley,Aged 39 years,5229,4633,596
E09000006,Bromley,Aged 4 years,4111,4014,97
E09000006,Bromley,Aged 40 years,5126,4980,146
E09000006,Bromley,Aged 41 years,5136,4883,253
E09000006,Bromley,Aged 42 years,5257,4914,343
E09000006,Bromley,Aged 43 years,4838,5065,-227
E09000006,Bromley,Aged 44 years,4685,5012,-327
E09000006,Bromley,Aged 45 years,4621,5053,-432
E09000006,Bromley,Aged 46 years,4831,5012,-181
E09000006,Bromley,Aged 47 years,4699,5088,-389
E09000006,Bromley,Aged 48 years,4760,4632,128
E09000006,Bromley,Aged 49 years,4793,4527,266
E09000006,Bromley,Aged 5 years,4114,3814,300
E09000006,Bromley,Aged 50 years,4843,4596,247
E09000006,Bromley,Aged 51 years,4635,4195,440
E09000006,Bromley,Aged 52 years,4815,4121,694
E09000006,Bromley,Aged 53 years,4767,3960,807
E09000006,Bromley,Aged 54 years,4866,3812,1054
E09000006,Bromley,Aged 55 years,4716,3615,1101
E09000006,Bromley,Aged 56 years,4589,3454,1135
E09000006,Bromley,Aged 57 years,4731,3394,1337
E09000006,Bromley,Aged 58 years,4229,3328,901
E09000006,Bromley,Aged 59 years,4081,3258,823
E09000006,Bromley,Aged 6 years,4057,3711,346
E09000006,Bromley,Aged 60 years,4188,3367,821
E09000006,Bromley,Aged 61 years,3805,3469,336
E09000006,Bromley,Aged 62 years,3548,3606,-58
E09000006,Bromley,Aged 63 years,3438,3964,-526
E09000006,Bromley,Aged 64 years,3278,4086,-808
E09000006,Bromley,Aged 65 years,3108,3075,33
E09000006,Bromley,Aged 66 years,2929,3087,-158
E09000006,Bromley,Aged 67 years,2823,2879,-56
E09000006,Bromley,Aged 68 years,2821,2794,27
E09000006,Bromley,Aged 69 years,2802,2342,460
E09000006,Bromley,Aged 7 years,4023,3636,387
E09000006,Bromley,Aged 70 years,2867,2258,609
E09000006,Bromley,Aged 71 years,2857,2386,471
E09000006,Bromley,Aged 72 years,3025,2380,645
E09000006,Bromley,Aged 73 years,3280,2353,927
E09000006,Bromley,Aged 74 years,3341,2216,1125
E09000006,Bromley,Aged 75 years,2453,2119,334
E09000006,Bromley,Aged 76 years,2515,2031,484
E09000006,Bromley,Aged 77 years,2220,1974,246
E09000006,Bromley,Aged 78 years,2166,2030,136
E09000006,Bromley,Aged 79 years,1879,2070,-191
E09000006,Bromley,Aged 8 years,4181,3517,664
E09000006,Bromley,Aged 80 years,1645,1861,-216
E09000006,Bromley,Aged 81 years,1759,1868,-109
E09000006,Bromley,Aged 82 years,1686,1683,3
E09000006,Bromley,Aged 83 years,1595,1489,106
E09000006,Bromley,Aged 84 years,1455,1327,128
E09000006,Bromley,Aged 85 and over,9014,7815,1199
E09000006,Bromley,Aged 9 years,4252,3383,869
E09000006,Bromley,Aged under 1 year,3657,3963,-306
E09000007,Camden,Aged 1 year,2026,2761,-735
E09000007,Camden,Aged 10 years,2072,2097,-25
E09000007,Camden,Aged 11 years,2112,1963,149
E09000007,Camden,Aged 12 years,2139,1826,313
E09000007,Camden,Aged 13 years,2021,1853,168
E09000007,Camden,Aged 14 years,2044,1855,189
E09000007,Camden,Aged 15 years,1935,1805,130
E09000007,Camden,Aged 16 years,2195,1763,432
E09000007,Camden,Aged 17 years,2086,1777,309
E09000007,Camden,Aged 18 years,3228,2842,386
E09000007,Camden,Aged 19 years,4299,4336,-37
E09000007,Camden,Aged 2 years,2040,2599,-559
E09000007,Camden,Aged 20 years,4175,4539,-364
E09000007,Camden,Aged 21 years,3890,4171,-281
E09000007,Camden,Aged 22 years,3801,4328,-527
E09000007,Camden,Aged 23 years,4108,4478,-370
E09000007,Camden,Aged 24 years,4191,4347,-156
E09000007,Camden,Aged 25 years,4301,4863,-562
E09000007,Camden,Aged 26 years,4482,5083,-601
E09000007,Camden,Aged 27 years,4508,5128,-620
E09000007,Camden,Aged 28 years,4366,5347,-981
E09000007,Camden,Aged 29 years,4345,5502,-1157
E09000007,Camden,Aged 3 years,1966,2551,-585
E09000007,Camden,Aged 30 years,4263,5519,-1256
E09000007,Camden,Aged 31 years,4396,5382,-986
E09000007,Camden,Aged 32 years,4230,4888,-658
E09000007,Camden,Aged 33 years,3896,4436,-540
E09000007,Camden,Aged 34 years,3756,4202,-446
E09000007,Camden,Aged 35 years,3538,4207,-669
E09000007,Camden,Aged 36 years,3482,3978,-496
E09000007,Camden,Aged 37 years,3274,3791,-517
E09000007,Camden,Aged 38 years,3136,3730,-594
E09000007,Camden,Aged 39 years,3118,3463,-345
E09000007,Camden,Aged 4 years,1964,2368,-404
E09000007,Camden,Aged 40 years,3066,3440,-374
E09000007,Camden,Aged 41 years,2988,3229,-241
E09000007,Camden,Aged 42 years,2989,3306,-317
E09000007,Camden,Aged 43 years,2733,3045,-312
E09000007,Camden,Aged 44 years,2724,2957,-233
E09000007,Camden,Aged 45 years,2695,2839,-144
E09000007,Camden,Aged 46 years,2806,2783,23
E09000007,Camden,Aged 47 years,2648,2712,-64
E09000007,Camden,Aged 48 years,2587,2515,72
E09000007,Camden,Aged 49 years,2624,2395,229
E09000007,Camden,Aged 5 years,1987,2263,-276
E09000007,Camden,Aged 50 years,2765,2449,316
E09000007,Camden,Aged 51 years,2631,2213,418
E09000007,Camden,Aged 52 years,2690,2215,475
E09000007,Camden,Aged 53 years,2568,2150,418
E09000007,Camden,Aged 54 years,2615,1931,684
E09000007,Camden,Aged 55 years,2623,2019,604
E09000007,Camden,Aged 56 years,2416,1864,552
E09000007,Camden,Aged 57 years,2341,1875,466
E09000007,Camden,Aged 58 years,2211,1832,379
E09000007,Camden,Aged 59 years,2155,1772,383
E09000007,Camden,Aged 6 years,1878,2247,-369
E09000007,Camden,Aged 60 years,2038,1766,272
E09000007,Camden,Aged 61 years,1904,1817,87
E09000007,Camden,Aged 62 years,1811,1913,-102
E09000007,Camden,Aged 63 years,1757,1896,-139
E09000007,Camden,Aged 64 years,1632,1863,-231
E09000007,Camden,Aged 65 years,1556,1592,-36
E09000007,Camden,Aged 66 years,1451,1661,-210
E09000007,Camden,Aged 67 years,1391,1481,-90
E09000007,Camden,Aged 68 years,1426,1373,53
E09000007,Camden,Aged 69 years,1299,1199,100
E09000007,Camden,Aged 7 years,1948,2271,-323
E09000007,Camden,Aged 70 years,1325,1145,180
E09000007,Camden,Aged 71 years,1307,1179,128
E09000007,Camden,Aged 72 years,1299,1228,71
E09000007,Camden,Aged 73 years,1298,1039,259
E09000007,Camden,Aged 74 years,1311,1040,271
E09000007,Camden,Aged 75 years,1126,990,136
E09000007,Camden,Aged 76 years,1076,968,108
E09000007,Camden,Aged 77 years,969,850,119
E09000007,Camden,Aged 78 years,914,841,73
E09000007,Camden,Aged 79 years,744,793,-49
E09000007,Camden,Aged 8 years,1997,2035,-38
E09000007,Camden,Aged 80 years,720,866,-146
E09000007,Camden,Aged 81 years,728,756,-28
E09000007,Camden,Aged 82 years,684,692,-8
E09000007,Camden,Aged 83 years,608,584,24
E09000007,Camden,Aged 84 years,530,557,-27
E09000007,Camden,Aged 85 and over,3063,3143,-80
E09000007,Camden,Aged 9 years,2063,2082,-19
E09000007,Camden,Aged under 1 year,2036,2889,-853
E09000008,Croydon,Aged 1 year,5055,5662,-607
E09000008,Croydon,Aged 10 years,5082,4412,670
E09000008,Croydon,Aged 11 years,5166,4658,508
E09000008,Croydon,Aged 12 years,5029,4575,454
E09000008,Croydon,Aged 13 years,5210,4592,618
E09000008,Croydon,Aged 14 years,4939,4893,46
E09000008,Croydon,Aged 15 years,4732,4912,-180
E09000008,Croydon,Aged 16 years,5009,4917,92
E09000008,Croydon,Aged 17 years,4911,5017,-106
E09000008,Croydon,Aged 18 years,4109,4648,-539
E09000008,Croydon,Aged 19 years,3583,4072,-489
E09000008,Croydon,Aged 2 years,5007,5535,-528
E09000008,Croydon,Aged 20 years,3425,4177,-752
E09000008,Croydon,Aged 21 years,3923,4246,-323
E09000008,Croydon,Aged 22 years,4405,4725,-320
E09000008,Croydon,Aged 23 years,4785,5067,-282
E09000008,Croydon,Aged 24 years,5082,5376,-294
E09000008,Croydon,Aged 25 years,5168,5454,-286
E09000008,Croydon,Aged 26 years,5285,5253,32
E09000008,Croydon,Aged 27 years,5486,5316,170
E09000008,Croydon,Aged 28 years,5585,5694,-109
E09000008,Croydon,Aged 29 years,6006,5975,31
E09000008,Croydon,Aged 3 years,5010,5619,-609
E09000008,Croydon,Aged 30 years,6291,5963,328
E09000008,Croydon,Aged 31 years,6194,5859,335
E09000008,Croydon,Aged 32 years,6457,5907,550
E09000008,Croydon,Aged 33 years,6323,5427,896
E09000008,Croydon,Aged 34 years,6345,5486,859
E09000008,Croydon,Aged 35 years,6412,5533,879
E09000008,Croydon,Aged 36 years,6086,5358,728
E09000008,Croydon,Aged 37 years,6263,5070,1193
E09000008,Croydon,Aged 38 years,6153,5256,897
E09000008,Croydon,Aged 39 years,6238,5476,762
E09000008,Croydon,Aged 4 years,5014,5426,-412
E09000008,Croydon,Aged 40 years,6136,5399,737
E09000008,Croydon,Aged 41 years,5970,5316,654
E09000008,Croydon,Aged 42 years,5761,5472,289
E09000008,Croydon,Aged 43 years,5325,5393,-68
E09000008,Croydon,Aged 44 years,5430,5524,-94
E09000008,Croydon,Aged 45 years,5431,5947,-516
E09000008,Croydon,Aged 46 years,5361,5795,-434
E09000008,Croydon,Aged 47 years,4836,5801,-965
E09000008,Croydon,Aged 48 years,5090,5677,-587
E09000008,Croydon,Aged 49 years,5243,5308,-65
E09000008,Croydon,Aged 5 years,4970,4937,33
E09000008,Croydon,Aged 50 years,5381,5072,309
E09000008,Croydon,Aged 51 years,5271,4834,437
E09000008,Croydon,Aged 52 years,5433,4652,781
E09000008,Croydon,Aged 53 years,5466,4347,1119
E09000008,Croydon,Aged 54 years,5562,4166,1396
E09000008,Croydon,Aged 55 years,5396,4062,1334
E09000008,Croydon,Aged 56 years,5304,3908,1396
E09000008,Croydon,Aged 57 years,5344,3776,1568
E09000008,Croydon,Aged 58 years,5055,3568,1487
E09000008,Croydon,Aged 59 years,4675,3575,1100
E09000008,Croydon,Aged 6 years,4956,4843,113
E09000008,Croydon,Aged 60 years,4555,3292,1263
E09000008,Croydon,Aged 61 years,4259,3282,977
E09000008,Croydon,Aged 62 years,4072,3346,726
E09000008,Croydon,Aged 63 years,3817,3536,281
E09000008,Croydon,Aged 64 years,3628,3573,55
E09000008,Croydon,Aged 65 years,3327,2747,580
E09000008,Croydon,Aged 66 years,3216,2642,574
E09000008,Croydon,Aged 67 years,3076,2558,518
E09000008,Croydon,Aged 68 years,2822,2524,298
E09000008,Croydon,Aged 69 years,2811,2116,695
E09000008,Croydon,Aged 7 years,4908,4608,300
E09000008,Croydon,Aged 70 years,2769,2113,656
E09000008,Croydon,Aged 71 years,2688,2151,537
E09000008,Croydon,Aged 72 years,2634,2145,489
E09000008,Croydon,Aged 73 years,2870,2101,769
E09000008,Croydon,Aged 74 years,2809,2058,751
E09000008,Croydon,Aged 75 years,2187,1977,210
E09000008,Croydon,Aged 76 years,2126,1893,233
E09000008,Croydon,Aged 77 years,1984,1782,202
E09000008,Croydon,Aged 78 years,1888,1613,275
E09000008,Croydon,Aged 79 years,1553,1655,-102
E09000008,Croydon,Aged 8 years,4958,4394,564
E09000008,Croydon,Aged 80 years,1529,1525,4
E09000008,Croydon,Aged 81 years,1534,1350,184
E09000008,Croydon,Aged 82 years,1471,1237,234
E09000008,Croydon,Aged 83 years,1401,1173,228
E09000008,Croydon,Aged 84 years,1271,1113,158
E09000008,Croydon,Aged 85 and over,7106,5902,1204
E09000008,Croydon,Aged 9 years,5200,4314,886
E09000008,Croydon,Aged under 1 year,5085,5730,-645
E09000009,Ealing,Aged 1 year,4380,5199,-819
E09000009,Ealing,Aged 10 years,4696,3775,921
E09000009,Ealing,Aged 11 years,4778,3841,937
E09000009,Ealing,Aged 12 years,4752,3819,933
E09000009,Ealing,Aged 13 years,4797,3793,1004
E09000009,Ealing,Aged 14 years,4625,3815,810
E09000009,Ealing,Aged 15 years,4336,4023,313
E09000009,Ealing,Aged 16 years,4461,3707,754
E09000009,Ealing,Aged 17 years,4251,4021,230
E09000009,Ealing,Aged 18 years,4509,3567,942
E09000009,Ealing,Aged 19 years,4242,3355,887
E09000009,Ealing,Aged 2 years,4235,4991,-756
E09000009,Ealing,Aged 20 years,3792,3896,-104
E09000009,Ealing,Aged 21 years,4056,4142,-86
E09000009,Ealing,Aged 22 years,4606,4819,-213
E09000009,Ealing,Aged 23 years,4967,5720,-753
E09000009,Ealing,Aged 24 years,5205,5975,-770
E09000009,Ealing,Aged 25 years,5407,6550,-1143
E09000009,Ealing,Aged 26 years,5679,6686,-1007
E09000009,Ealing,Aged 27 years,6084,6664,-580
E09000009,Ealing,Aged 28 years,5861,6988,-1127
E09000009,Ealing,Aged 29 years,5868,7110,-1242
E09000009,Ealing,Aged 3 years,4353,5034,-681
E09000009,Ealing,Aged 30 years,6072,7272,-1200
E09000009,Ealing,Aged 31 years,6175,7001,-826
E09000009,Ealing,Aged 32 years,6113,6828,-715
E09000009,Ealing,Aged 33 years,6395,6313,82
E09000009,Ealing,Aged 34 years,6024,6163,-139
E09000009,Ealing,Aged 35 years,6298,5967,331
E09000009,Ealing,Aged 36 years,6195,5872,323
E09000009,Ealing,Aged 37 years,6169,5716,453
E09000009,Ealing,Aged 38 years,6067,5516,551
E09000009,Ealing,Aged 39 years,6041,5300,741
E09000009,Ealing,Aged 4 years,4401,4788,-387
E09000009,Ealing,Aged 40 years,6471,5281,1190
E09000009,Ealing,Aged 41 years,6212,5277,935
E09000009,Ealing,Aged 42 years,5863,5131,732
E09000009,Ealing,Aged 43 years,5457,4932,525
E09000009,Ealing,Aged 44 years,5661,4877,784
E09000009,Ealing,Aged 45 years,5547,4879,668
E09000009,Ealing,Aged 46 years,5435,4811,624
E09000009,Ealing,Aged 47 years,5243,4574,669
E09000009,Ealing,Aged 48 years,5203,4404,799
E09000009,Ealing,Aged 49 years,4957,4209,748
E09000009,Ealing,Aged 5 years,4220,4480,-260
E09000009,Ealing,Aged 50 years,5100,4167,933
E09000009,Ealing,Aged 51 years,5179,3843,1336
E09000009,Ealing,Aged 52 years,4930,3804,1126
E09000009,Ealing,Aged 53 years,4984,3664,1320
E09000009,Ealing,Aged 54 years,4555,3529,1026
E09000009,Ealing,Aged 55 years,4754,3523,1231
E09000009,Ealing,Aged 56 years,4615,3458,1157
E09000009,Ealing,Aged 57 years,4244,3366,878
E09000009,Ealing,Aged 58 years,4245,3228,1017
E09000009,Ealing,Aged 59 years,4075,3044,1031
E09000009,Ealing,Aged 6 years,4337,4227,110
E09000009,Ealing,Aged 60 years,3819,2889,930
E09000009,Ealing,Aged 61 years,3724,2820,904
E09000009,Ealing,Aged 62 years,3583,2841,742
E09000009,Ealing,Aged 63 years,3301,2850,451
E09000009,Ealing,Aged 64 years,3218,2796,422
E09000009,Ealing,Aged 65 years,2960,2187,773
E09000009,Ealing,Aged 66 years,2889,2214,675
E09000009,Ealing,Aged 67 years,2685,2078,607
E09000009,Ealing,Aged 68 years,2541,2038,503
E09000009,Ealing,Aged 69 years,2511,1870,641
E09000009,Ealing,Aged 7 years,4392,3888,504
E09000009,Ealing,Aged 70 years,2314,1777,537
E09000009,Ealing,Aged 71 years,2326,1864,462
E09000009,Ealing,Aged 72 years,2329,1867,462
E09000009,Ealing,Aged 73 years,2245,1852,393
E09000009,Ealing,Aged 74 years,2182,1672,510
E09000009,Ealing,Aged 75 years,1691,1664,27
E09000009,Ealing,Aged 76 years,1756,1544,212
E09000009,Ealing,Aged 77 years,1581,1434,147
E09000009,Ealing,Aged 78 years,1523,1336,187
E09000009,Ealing,Aged 79 years,1416,1290,126
E09000009,Ealing,Aged 8 years,4590,3889,701
E09000009,Ealing,Aged 80 years,1316,1197,119
E09000009,Ealing,Aged 81 years,1302,1056,246
E09000009,Ealing,Aged 82 years,1225,945,280
E09000009,Ealing,Aged 83 years,1137,894,243
E09000009,Ealing,Aged 84 years,1018,792,226
E09000009,Ealing,Aged 85 and over,5519,4656,863
E09000009,Ealing,Aged 9 years,4706,3901,805
E09000009,Ealing,Aged under 1 year,4146,5414,-1268
E09000010,Enfield,Aged 1 year,4320,4886,-566
E09000010,Enfield,Aged 10 years,4903,4048,855
E09000010,Enfield,Aged 11 years,4735,3963,772
E09000010,Enfield,Aged 12 years,4926,4120,806
E09000010,Enfield,Aged 13 years,4918,4049,869
E09000010,Enfield,Aged 14 years,4625,4125,500
E09000010,Enfield,Aged 15 years,4686,4253,433
E09000010,Enfield,Aged 16 years,4694,4253,441
E09000010,Enfield,Aged 17 years,4662,4294,368
E09000010,Enfield,Aged 18 years,4019,3980,39
E09000010,Enfield,Aged 19 years,3278,3731,-453
E09000010,Enfield,Aged 2 years,4303,4893,-590
E09000010,Enfield,Aged 20 years,3222,3924,-702
E09000010,Enfield,Aged 21 years,3520,4148,-628
E09000010,Enfield,Aged 22 years,4009,4361,-352
E09000010,Enfield,Aged 23 years,4112,4678,-566
E09000010,Enfield,Aged 24 years,4253,4615,-362
E09000010,Enfield,Aged 25 years,4250,4923,-673
E09000010,Enfield,Aged 26 years,4037,5070,-1033
E09000010,Enfield,Aged 27 years,4315,4704,-389
E09000010,Enfield,Aged 28 years,4240,5070,-830
E09000010,Enfield,Aged 29 years,4335,5190,-855
E09000010,Enfield,Aged 3 years,4403,4973,-570
E09000010,Enfield,Aged 30 years,4386,5055,-669
E09000010,Enfield,Aged 31 years,4580,4962,-382
E09000010,Enfield,Aged 32 years,4620,4936,-316
E09000010,Enfield,Aged 33 years,4869,4647,222
E09000010,Enfield,Aged 34 years,4668,4529,139
E09000010,Enfield,Aged 35 years,4883,4321,562
E09000010,Enfield,Aged 36 years,4869,4405,464
E09000010,Enfield,Aged 37 years,4565,4415,150
E09000010,Enfield,Aged 38 years,4687,4631,56
E09000010,Enfield,Aged 39 years,4975,4438,537
E09000010,Enfield,Aged 4 years,4512,4766,-254
E09000010,Enfield,Aged 40 years,5253,4686,567
E09000010,Enfield,Aged 41 years,5018,4766,252
E09000010,Enfield,Aged 42 years,4950,4732,218
E09000010,Enfield,Aged 43 years,4713,4790,-77
E09000010,Enfield,Aged 44 years,4638,4872,-234
E09000010,Enfield,Aged 45 years,4490,4777,-287
E09000010,Enfield,Aged 46 years,4532,4841,-309
E09000010,Enfield,Aged 47 years,4450,4531,-81
E09000010,Enfield,Aged 48 years,4721,4565,156
E09000010,Enfield,Aged 49 years,4537,4183,354
E09000010,Enfield,Aged 5 years,4601,4663,-62
E09000010,Enfield,Aged 50 years,4698,4106,592
E09000010,Enfield,Aged 51 years,4584,3990,594
E09000010,Enfield,Aged 52 years,4582,3813,769
E09000010,Enfield,Aged 53 years,4537,3642,895
E09000010,Enfield,Aged 54 years,4247,3418,829
E09000010,Enfield,Aged 55 years,4566,3250,1316
E09000010,Enfield,Aged 56 years,4534,3117,1417
E09000010,Enfield,Aged 57 years,4246,3027,1219
E09000010,Enfield,Aged 58 years,4080,2811,1269
E09000010,Enfield,Aged 59 years,3684,2783,901
E09000010,Enfield,Aged 6 years,4361,4302,59
E09000010,Enfield,Aged 60 years,3758,2750,1008
E09000010,Enfield,Aged 61 years,3687,2671,1016
E09000010,Enfield,Aged 62 years,3387,2654,733
E09000010,Enfield,Aged 63 years,3257,2800,457
E09000010,Enfield,Aged 64 years,2972,2777,195
E09000010,Enfield,Aged 65 years,2854,2433,421
E09000010,Enfield,Aged 66 years,2688,2358,330
E09000010,Enfield,Aged 67 years,2553,2328,225
E09000010,Enfield,Aged 68 years,2391,2128,263
E09000010,Enfield,Aged 69 years,2303,1917,386
E09000010,Enfield,Aged 7 years,4337,4082,255
E09000010,Enfield,Aged 70 years,2257,1776,481
E09000010,Enfield,Aged 71 years,2225,1998,227
E09000010,Enfield,Aged 72 years,2249,1860,389
E09000010,Enfield,Aged 73 years,2232,1830,402
E09000010,Enfield,Aged 74 years,2196,1764,432
E09000010,Enfield,Aged 75 years,1835,1677,158
E09000010,Enfield,Aged 76 years,1761,1596,165
E09000010,Enfield,Aged 77 years,1671,1527,144
E09000010,Enfield,Aged 78 years,1533,1448,85
E09000010,Enfield,Aged 79 years,1353,1372,-19
E09000010,Enfield,Aged 8 years,4640,3965,675
E09000010,Enfield,Aged 80 years,1371,1347,24
E09000010,Enfield,Aged 81 years,1470,1229,241
E09000010,Enfield,Aged 82 years,1293,1070,223
E09000010,Enfield,Aged 83 years,1257,986,271
E09000010,Enfield,Aged 84 years,1099,907,192
E09000010,Enfield,Aged 85 and over,6424,5282,1142
E09000010,Enfield,Aged 9 years,4811,3918,893
E09000010,Enfield,Aged under 1 year,3721,4995,-1274
E09000011,Greenwich,Aged 1 year,3869,4293,-424
E09000011,Greenwich,Aged 10 years,3693,2983,710
E09000011,Greenwich,Aged 11 years,3727,3009,718
E09000011,Greenwich,Aged 12 years,3694,2975,719
E09000011,Greenwich,Aged 13 years,3564,2944,620
E09000011,Greenwich,Aged 14 years,3528,3073,455
E09000011,Greenwich,Aged 15 years,3306,3140,166
E09000011,Greenwich,Aged 16 years,3279,2879,400
E09000011,Greenwich,Aged 17 years,3239,3099,140
E09000011,Greenwich,Aged 18 years,3067,3442,-375
E09000011,Greenwich,Aged 19 years,3004,3501,-497
E09000011,Greenwich,Aged 2 years,3835,4282,-447
E09000011,Greenwich,Aged 20 years,3129,3608,-479
E09000011,Greenwich,Aged 21 years,3357,3967,-610
E09000011,Greenwich,Aged 22 years,3721,4077,-356
E09000011,Greenwich,Aged 23 years,3907,4177,-270
E09000011,Greenwich,Aged 24 years,4249,4158,91
E09000011,Greenwich,Aged 25 years,4641,4246,395
E09000011,Greenwich,Aged 26 years,4461,4266,195
E09000011,Greenwich,Aged 27 years,4877,4416,461
E09000011,Greenwich,Aged 28 years,5243,4548,695
E09000011,Greenwich,Aged 29 years,5494,4637,857
E09000011,Greenwich,Aged 3 years,3735,4173,-438
E09000011,Greenwich,Aged 30 years,5502,5171,331
E09000011,Greenwich,Aged 31 years,5590,5409,181
E09000011,Greenwich,Aged 32 years,5664,5118,546
E09000011,Greenwich,Aged 33 years,5783,4759,1024
E09000011,Greenwich,Aged 34 years,5329,4756,573
E09000011,Greenwich,Aged 35 years,5336,4335,1001
E09000011,Greenwich,Aged 36 years,5210,4431,779
E09000011,Greenwich,Aged 37 years,5280,4255,1025
E09000011,Greenwich,Aged 38 years,5211,4189,1022
E09000011,Greenwich,Aged 39 years,4742,4044,698
E09000011,Greenwich,Aged 4 years,3816,3890,-74
E09000011,Greenwich,Aged 40 years,5193,4089,1104
E09000011,Greenwich,Aged 41 years,4822,3820,1002
E09000011,Greenwich,Aged 42 years,4577,3744,833
E09000011,Greenwich,Aged 43 years,4253,3735,518
E09000011,Greenwich,Aged 44 years,4114,3730,384
E09000011,Greenwich,Aged 45 years,4040,3622,418
E09000011,Greenwich,Aged 46 years,4085,3542,543
E09000011,Greenwich,Aged 47 years,3873,3454,419
E09000011,Greenwich,Aged 48 years,3745,3237,508
E09000011,Greenwich,Aged 49 years,3824,3279,545
E09000011,Greenwich,Aged 5 years,3775,3886,-111
E09000011,Greenwich,Aged 50 years,4030,3129,901
E09000011,Greenwich,Aged 51 years,3777,2955,822
E09000011,Greenwich,Aged 52 years,3912,2834,1078
E09000011,Greenwich,Aged 53 years,3642,2684,958
E09000011,Greenwich,Aged 54 years,3665,2450,1215
E09000011,Greenwich,Aged 55 years,3458,2479,979
E09000011,Greenwich,Aged 56 years,3341,2290,1051
E09000011,Greenwich,Aged 57 years,3286,2217,1069
E09000011,Greenwich,Aged 58 years,3031,2097,934
E09000011,Greenwich,Aged 59 years,3009,2000,1009
E09000011,Greenwich,Aged 6 years,3713,3422,291
E09000011,Greenwich,Aged 60 years,2993,1878,1115
E09000011,Greenwich,Aged 61 years,2768,2033,735
E09000011,Greenwich,Aged 62 years,2429,1911,518
E09000011,Greenwich,Aged 63 years,2302,2184,118
E09000011,Greenwich,Aged 64 years,2037,2166,-129
E09000011,Greenwich,Aged 65 years,2157,1690,467
E09000011,Greenwich,Aged 66 years,2011,1688,323
E09000011,Greenwich,Aged 67 years,1827,1455,372
E09000011,Greenwich,Aged 68 years,1717,1382,335
E09000011,Greenwich,Aged 69 years,1613,1280,333
E09000011,Greenwich,Aged 7 years,3752,3135,617
E09000011,Greenwich,Aged 70 years,1643,1288,355
E09000011,Greenwich,Aged 71 years,1561,1312,249
E09000011,Greenwich,Aged 72 years,1496,1238,258
E09000011,Greenwich,Aged 73 years,1708,1192,516
E09000011,Greenwich,Aged 74 years,1567,1150,417
E09000011,Greenwich,Aged 75 years,1285,1155,130
E09000011,Greenwich,Aged 76 years,1274,1018,256
E09000011,Greenwich,Aged 77 years,1168,982,186
E09000011,Greenwich,Aged 78 years,1006,902,104
E09000011,Greenwich,Aged 79 years,895,882,13
E09000011,Greenwich,Aged 8 years,3840,2928,912
E09000011,Greenwich,Aged 80 years,832,900,-68
E09000011,Greenwich,Aged 81 years,855,808,47
E09000011,Greenwich,Aged 82 years,792,728,64
E09000011,Greenwich,Aged 83 years,694,682,12
E09000011,Greenwich,Aged 84 years,602,635,-33
E09000011,Greenwich,Aged 85 and over,3522,3749,-227
E09000011,Greenwich,Aged 9 years,3702,2954,748
E09000011,Greenwich,Aged under 1 year,3772,4307,-535
E09000012,Hackney,Aged 1 year,3295,3948,-653
E09000012,Hackney,Aged 10 years,3121,2839,282
E09000012,Hackney,Aged 11 years,3071,2773,298
E09000012,Hackney,Aged 12 years,3109,2752,357
E09000012,Hackney,Aged 13 years,3069,2790,279
E09000012,Hackney,Aged 14 years,3049,2724,325
E09000012,Hackney,Aged 15 years,2965,2738,227
E09000012,Hackney,Aged 16 years,3033,2683,350
E09000012,Hackney,Aged 17 years,2949,2587,362
E09000012,Hackney,Aged 18 years,2685,2722,-37
E09000012,Hackney,Aged 19 years,2492,2680,-188
E09000012,Hackney,Aged 2 years,3264,3769,-505
E09000012,Hackney,Aged 20 years,2865,3197,-332
E09000012,Hackney,Aged 21 years,2973,3604,-631
E09000012,Hackney,Aged 22 years,3399,4129,-730
E09000012,Hackney,Aged 23 years,4391,4985,-594
E09000012,Hackney,Aged 24 years,4964,5770,-806
E09000012,Hackney,Aged 25 years,5672,6213,-541
E09000012,Hackney,Aged 26 years,6165,6693,-528
E09000012,Hackney,Aged 27 years,6373,6943,-570
E09000012,Hackney,Aged 28 years,6608,7078,-470
E09000012,Hackney,Aged 29 years,6716,6911,-195
E09000012,Hackney,Aged 3 years,3053,3573,-520
E09000012,Hackney,Aged 30 years,6976,7000,-24
E09000012,Hackney,Aged 31 years,6824,6612,212
E09000012,Hackney,Aged 32 years,6536,6078,458
E09000012,Hackney,Aged 33 years,6005,5416,589
E09000012,Hackney,Aged 34 years,5607,4971,636
E09000012,Hackney,Aged 35 years,5194,4595,599
E09000012,Hackney,Aged 36 years,4899,4591,308
E09000012,Hackney,Aged 37 years,4677,4082,595
E09000012,Hackney,Aged 38 years,4525,4127,398
E09000012,Hackney,Aged 39 years,4318,3940,378
E09000012,Hackney,Aged 4 years,3132,3637,-505
E09000012,Hackney,Aged 40 years,4040,3651,389
E09000012,Hackney,Aged 41 years,3966,3552,414
E09000012,Hackney,Aged 42 years,3610,3416,194
E09000012,Hackney,Aged 43 years,3527,3369,158
E09000012,Hackney,Aged 44 years,3493,3405,88
E09000012,Hackney,Aged 45 years,3254,3237,17
E09000012,Hackney,Aged 46 years,3166,3292,-126
E09000012,Hackney,Aged 47 years,3020,2937,83
E09000012,Hackney,Aged 48 years,3067,2900,167
E09000012,Hackney,Aged 49 years,2958,2732,226
E09000012,Hackney,Aged 5 years,3119,3487,-368
E09000012,Hackney,Aged 50 years,2939,2601,338
E09000012,Hackney,Aged 51 years,2940,2437,503
E09000012,Hackney,Aged 52 years,2964,2348,616
E09000012,Hackney,Aged 53 years,2934,2098,836
E09000012,Hackney,Aged 54 years,2793,2041,752
E09000012,Hackney,Aged 55 years,2929,2034,895
E09000012,Hackney,Aged 56 years,2963,1852,1111
E09000012,Hackney,Aged 57 years,2624,1727,897
E09000012,Hackney,Aged 58 years,2520,1727,793
E09000012,Hackney,Aged 59 years,2310,1516,794
E09000012,Hackney,Aged 6 years,3070,3129,-59
E09000012,Hackney,Aged 60 years,2317,1550,767
E09000012,Hackney,Aged 61 years,2192,1535,657
E09000012,Hackney,Aged 62 years,1998,1431,567
E09000012,Hackney,Aged 63 years,1790,1405,385
E09000012,Hackney,Aged 64 years,1809,1350,459
E09000012,Hackney,Aged 65 years,1730,1135,595
E09000012,Hackney,Aged 66 years,1437,1152,285
E09000012,Hackney,Aged 67 years,1402,1063,339
E09000012,Hackney,Aged 68 years,1320,1018,302
E09000012,Hackney,Aged 69 years,1126,935,191
E09000012,Hackney,Aged 7 years,2865,3002,-137
E09000012,Hackney,Aged 70 years,1186,904,282
E09000012,Hackney,Aged 71 years,1140,909,231
E09000012,Hackney,Aged 72 years,1108,890,218
E09000012,Hackney,Aged 73 years,1045,807,238
E09000012,Hackney,Aged 74 years,979,860,119
E09000012,Hackney,Aged 75 years,784,789,-5
E09000012,Hackney,Aged 76 years,706,803,-97
E09000012,Hackney,Aged 77 years,679,628,51
E09000012,Hackney,Aged 78 years,631,630,1
E09000012,Hackney,Aged 79 years,617,580,37
E09000012,Hackney,Aged 8 years,3100,2919,181
E09000012,Hackney,Aged 80 years,507,552,-45
E09000012,Hackney,Aged 81 years,524,530,-6
E09000012,Hackney,Aged 82 years,510,481,29
E09000012,Hackney,Aged 83 years,417,406,11
E09000012,Hackney,Aged 84 years,423,376,47
E09000012,Hackney,Aged 85 and over,2230,1947,283
E09000012,Hackney,Aged 9 years,3005,2823,182
E09000012,Hackney,Aged under 1 year,3391,4222,-831
E09000013,Hammersmith and Fulham,Aged 1 year,1882,2493,-611
E09000013,Hammersmith and Fulham,Aged 10 years,1788,1613,175
E09000013,Hammersmith and Fulham,Aged 11 years,1922,1600,322
E09000013,Hammersmith and Fulham,Aged 12 years,1790,1516,274
E09000013,Hammersmith and Fulham,Aged 13 years,1759,1400,359
E09000013,Hammersmith and Fulham,Aged 14 years,1748,1492,256
E09000013,Hammersmith and Fulham,Aged 15 years,1624,1550,74
E09000013,Hammersmith and Fulham,Aged 16 years,1665,1461,204
E09000013,Hammersmith and Fulham,Aged 17 years,1646,1422,224
E09000013,Hammersmith and Fulham,Aged 18 years,1523,1551,-28
E09000013,Hammersmith and Fulham,Aged 19 years,1747,1932,-185
E09000013,Hammersmith and Fulham,Aged 2 years,1754,2334,-580
E09000013,Hammersmith and Fulham,Aged 20 years,2346,2436,-90
E09000013,Hammersmith and Fulham,Aged 21 years,2745,2657,88
E09000013,Hammersmith and Fulham,Aged 22 years,3204,3365,-161
E09000013,Hammersmith and Fulham,Aged 23 years,4084,4161,-77
E09000013,Hammersmith and Fulham,Aged 24 years,4581,4660,-79
E09000013,Hammersmith and Fulham,Aged 25 years,4726,5018,-292
E09000013,Hammersmith and Fulham,Aged 26 years,4848,5343,-495
E09000013,Hammersmith and Fulham,Aged 27 years,4734,5323,-589
E09000013,Hammersmith and Fulham,Aged 28 years,4569,5212,-643
E09000013,Hammersmith and Fulham,Aged 29 years,4525,5125,-600
E09000013,Hammersmith and Fulham,Aged 3 years,1747,2146,-399
E09000013,Hammersmith and Fulham,Aged 30 years,4260,5082,-822
E09000013,Hammersmith and Fulham,Aged 31 years,4067,4769,-702
E09000013,Hammersmith and Fulham,Aged 32 years,3916,4328,-412
E09000013,Hammersmith and Fulham,Aged 33 years,3709,4011,-302
E09000013,Hammersmith and Fulham,Aged 34 years,3435,3818,-383
E09000013,Hammersmith and Fulham,Aged 35 years,3226,3663,-437
E09000013,Hammersmith and Fulham,Aged 36 years,3119,3614,-495
E09000013,Hammersmith and Fulham,Aged 37 years,2949,3450,-501
E09000013,Hammersmith and Fulham,Aged 38 years,2811,3284,-473
E09000013,Hammersmith and Fulham,Aged 39 years,2696,3171,-475
E09000013,Hammersmith and Fulham,Aged 4 years,1809,2182,-373
E09000013,Hammersmith and Fulham,Aged 40 years,2691,2940,-249
E09000013,Hammersmith and Fulham,Aged 41 years,2664,2755,-91
E09000013,Hammersmith and Fulham,Aged 42 years,2600,2759,-159
E09000013,Hammersmith and Fulham,Aged 43 years,2503,2607,-104
E09000013,Hammersmith and Fulham,Aged 44 years,2390,2608,-218
E09000013,Hammersmith and Fulham,Aged 45 years,2397,2416,-19
E09000013,Hammersmith and Fulham,Aged 46 years,2436,2454,-18
E09000013,Hammersmith and Fulham,Aged 47 years,2455,2277,178
E09000013,Hammersmith and Fulham,Aged 48 years,2504,2174,330
E09000013,Hammersmith and Fulham,Aged 49 years,2382,2093,289
E09000013,Hammersmith and Fulham,Aged 5 years,1780,1954,-174
E09000013,Hammersmith and Fulham,Aged 50 years,2458,1948,510
E09000013,Hammersmith and Fulham,Aged 51 years,2400,1776,624
E09000013,Hammersmith and Fulham,Aged 52 years,2318,1775,543
E09000013,Hammersmith and Fulham,Aged 53 years,2350,1660,690
E09000013,Hammersmith and Fulham,Aged 54 years,2370,1544,826
E09000013,Hammersmith and Fulham,Aged 55 years,2177,1518,659
E09000013,Hammersmith and Fulham,Aged 56 years,2226,1477,749
E09000013,Hammersmith and Fulham,Aged 57 years,1998,1454,544
E09000013,Hammersmith and Fulham,Aged 58 years,1985,1346,639
E09000013,Hammersmith and Fulham,Aged 59 years,1854,1336,518
E09000013,Hammersmith and Fulham,Aged 6 years,1662,1799,-137
E09000013,Hammersmith and Fulham,Aged 60 years,1603,1317,286
E09000013,Hammersmith and Fulham,Aged 61 years,1511,1309,202
E09000013,Hammersmith and Fulham,Aged 62 years,1496,1299,197
E09000013,Hammersmith and Fulham,Aged 63 years,1424,1409,15
E09000013,Hammersmith and Fulham,Aged 64 years,1323,1343,-20
E09000013,Hammersmith and Fulham,Aged 65 years,1295,1089,206
E09000013,Hammersmith and Fulham,Aged 66 years,1168,1060,108
E09000013,Hammersmith and Fulham,Aged 67 years,1197,1056,141
E09000013,Hammersmith and Fulham,Aged 68 years,1023,949,74
E09000013,Hammersmith and Fulham,Aged 69 years,1048,857,191
E09000013,Hammersmith and Fulham,Aged 7 years,1775,1693,82
E09000013,Hammersmith and Fulham,Aged 70 years,1033,878,155
E09000013,Hammersmith and Fulham,Aged 71 years,987,929,58
E09000013,Hammersmith and Fulham,Aged 72 years,983,826,157
E09000013,Hammersmith and Fulham,Aged 73 years,1024,743,281
E09000013,Hammersmith and Fulham,Aged 74 years,959,715,244
E09000013,Hammersmith and Fulham,Aged 75 years,801,674,127
E09000013,Hammersmith and Fulham,Aged 76 years,752,653,99
E09000013,Hammersmith and Fulham,Aged 77 years,727,594,133
E09000013,Hammersmith and Fulham,Aged 78 years,678,564,114
E09000013,Hammersmith and Fulham,Aged 79 years,581,550,31
E09000013,Hammersmith and Fulham,Aged 8 years,1787,1616,171
E09000013,Hammersmith and Fulham,Aged 80 years,586,552,34
E09000013,Hammersmith and Fulham,Aged 81 years,593,501,92
E09000013,Hammersmith and Fulham,Aged 82 years,527,449,78
E09000013,Hammersmith and Fulham,Aged 83 years,440,398,42
E09000013,Hammersmith and Fulham,Aged 84 years,394,365,29
E09000013,Hammersmith and Fulham,Aged 85 and over,2189,2011,178
E09000013,Hammersmith and Fulham,Aged 9 years,1820,1497,323
E09000013,Hammersmith and Fulham,Aged under 1 year,1883,2745,-862
E09000014,Haringey,Aged 1 year,3092,3768,-676
E09000014,Haringey,Aged 10 years,3156,3046,110
E09000014,Haringey,Aged 11 years,3067,3055,12
E09000014,Haringey,Aged 12 years,3164,2976,188
E09000014,Haringey,Aged 13 years,3115,3086,29
E09000014,Haringey,Aged 14 years,3069,3071,-2
E09000014,Haringey,Aged 15 years,2991,2949,42
E09000014,Haringey,Aged 16 years,3119,2799,320
E09000014,Haringey,Aged 17 years,3067,2801,266
E09000014,Haringey,Aged 18 years,2770,2797,-27
E09000014,Haringey,Aged 19 years,2624,2907,-283
E09000014,Haringey,Aged 2 years,2989,3603,-614
E09000014,Haringey,Aged 20 years,2591,2984,-393
E09000014,Haringey,Aged 21 years,2780,3225,-445
E09000014,Haringey,Aged 22 years,3144,3749,-605
E09000014,Haringey,Aged 23 years,3761,4365,-604
E09000014,Haringey,Aged 24 years,4087,4512,-425
E09000014,Haringey,Aged 25 years,4355,5168,-813
E09000014,Haringey,Aged 26 years,4723,5621,-898
E09000014,Haringey,Aged 27 years,4883,5711,-828
E09000014,Haringey,Aged 28 years,5019,5774,-755
E09000014,Haringey,Aged 29 years,5021,5788,-767
E09000014,Haringey,Aged 3 years,2899,3573,-674
E09000014,Haringey,Aged 30 years,5234,6107,-873
E09000014,Haringey,Aged 31 years,5274,5882,-608
E09000014,Haringey,Aged 32 years,5203,5826,-623
E09000014,Haringey,Aged 33 years,5233,5524,-291
E09000014,Haringey,Aged 34 years,4958,5200,-242
E09000014,Haringey,Aged 35 years,4960,4807,153
E09000014,Haringey,Aged 36 years,4976,4520,456
E09000014,Haringey,Aged 37 years,4637,4548,89
E09000014,Haringey,Aged 38 years,4566,4386,180
E09000014,Haringey,Aged 39 years,4467,4423,44
E09000014,Haringey,Aged 4 years,2921,3383,-462
E09000014,Haringey,Aged 40 years,4483,4327,156
E09000014,Haringey,Aged 41 years,4490,3967,523
E09000014,Haringey,Aged 42 years,4310,4007,303
E09000014,Haringey,Aged 43 years,4008,3932,76
E09000014,Haringey,Aged 44 years,3862,3902,-40
E09000014,Haringey,Aged 45 years,3914,3832,82
E09000014,Haringey,Aged 46 years,4004,3799,205
E09000014,Haringey,Aged 47 years,3721,3491,230
E09000014,Haringey,Aged 48 years,3739,3395,344
E09000014,Haringey,Aged 49 years,3793,3139,654
E09000014,Haringey,Aged 5 years,3078,3398,-320
E09000014,Haringey,Aged 50 years,4038,2941,1097
E09000014,Haringey,Aged 51 years,3585,2851,734
E09000014,Haringey,Aged 52 years,3690,2664,1026
E09000014,Haringey,Aged 53 years,3725,2522,1203
E09000014,Haringey,Aged 54 years,3483,2438,1045
E09000014,Haringey,Aged 55 years,3581,2407,1174
E09000014,Haringey,Aged 56 years,3381,2180,1201
E09000014,Haringey,Aged 57 years,3199,2061,1138
E09000014,Haringey,Aged 58 years,3105,2067,1038
E09000014,Haringey,Aged 59 years,2831,1898,933
E09000014,Haringey,Aged 6 years,2829,3232,-403
E09000014,Haringey,Aged 60 years,2707,1890,817
E09000014,Haringey,Aged 61 years,2567,1988,579
E09000014,Haringey,Aged 62 years,2278,1792,486
E09000014,Haringey,Aged 63 years,2254,1828,426
E09000014,Haringey,Aged 64 years,2092,1745,347
E09000014,Haringey,Aged 65 years,2009,1459,550
E09000014,Haringey,Aged 66 years,1834,1507,327
E09000014,Haringey,Aged 67 years,1708,1355,353
E09000014,Haringey,Aged 68 years,1696,1214,482
E09000014,Haringey,Aged 69 years,1571,1145,426
E09000014,Haringey,Aged 7 years,2880,3168,-288
E09000014,Haringey,Aged 70 years,1590,1167,423
E09000014,Haringey,Aged 71 years,1496,1239,257
E09000014,Haringey,Aged 72 years,1432,1221,211
E09000014,Haringey,Aged 73 years,1321,1116,205
E09000014,Haringey,Aged 74 years,1309,1152,157
E09000014,Haringey,Aged 75 years,1058,1026,32
E09000014,Haringey,Aged 76 years,1104,960,144
E09000014,Haringey,Aged 77 years,1052,844,208
E09000014,Haringey,Aged 78 years,852,880,-28
E09000014,Haringey,Aged 79 years,817,796,21
E09000014,Haringey,Aged 8 years,2941,3040,-99
E09000014,Haringey,Aged 80 years,776,737,39
E09000014,Haringey,Aged 81 years,774,681,93
E09000014,Haringey,Aged 82 years,749,555,194
E09000014,Haringey,Aged 83 years,679,461,218
E09000014,Haringey,Aged 84 years,662,433,229
E09000014,Haringey,Aged 85 and over,3217,2421,796
E09000014,Haringey,Aged 9 years,3014,2937,77
E09000014,Haringey,Aged under 1 year,3031,3785,-754
E09000015,Harrow,Aged 1 year,3183,3218,-35
E09000015,Harrow,Aged 10 years,3364,2769,595
E09000015,Harrow,Aged 11 years,3209,2861,348
E09000015,Harrow,Aged 12 years,3281,2806,475
E09000015,Harrow,Aged 13 years,3233,3009,224
E09000015,Harrow,Aged 14 years,3394,3145,249
E09000015,Harrow,Aged 15 years,3269,3131,138
E09000015,Harrow,Aged 16 years,3394,3153,241
E09000015,Harrow,Aged 17 years,3390,3451,-61
E09000015,Harrow,Aged 18 years,2776,3023,-247
E09000015,Harrow,Aged 19 years,2212,2346,-134
E09000015,Harrow,Aged 2 years,3142,3225,-83
E09000015,Harrow,Aged 20 years,2327,2462,-135
E09000015,Harrow,Aged 21 years,2537,2915,-378
E09000015,Harrow,Aged 22 years,3136,3362,-226
E09000015,Harrow,Aged 23 years,3530,3731,-201
E09000015,Harrow,Aged 24 years,3602,3596,6
E09000015,Harrow,Aged 25 years,3648,3697,-49
E09000015,Harrow,Aged 26 years,3663,3966,-303
E09000015,Harrow,Aged 27 years,3642,3832,-190
E09000015,Harrow,Aged 28 years,3743,3814,-71
E09000015,Harrow,Aged 29 years,3771,4036,-265
E09000015,Harrow,Aged 3 years,3197,3220,-23
E09000015,Harrow,Aged 30 years,3875,4160,-285
E09000015,Harrow,Aged 31 years,4084,4030,54
E09000015,Harrow,Aged 32 years,4166,3900,266
E09000015,Harrow,Aged 33 years,4238,3716,522
E09000015,Harrow,Aged 34 years,4095,3802,293
E09000015,Harrow,Aged 35 years,4338,3395,943
E09000015,Harrow,Aged 36 years,4234,3451,783
E09000015,Harrow,Aged 37 years,4172,3385,787
E09000015,Harrow,Aged 38 years,4108,3466,642
E09000015,Harrow,Aged 39 years,4278,3415,863
E09000015,Harrow,Aged 4 years,3143,3038,105
E09000015,Harrow,Aged 40 years,4209,3455,754
E09000015,Harrow,Aged 41 years,4026,3252,774
E09000015,Harrow,Aged 42 years,4087,3337,750
E09000015,Harrow,Aged 43 years,3882,3334,548
E09000015,Harrow,Aged 44 years,3723,3260,463
E09000015,Harrow,Aged 45 years,3525,3300,225
E09000015,Harrow,Aged 46 years,3566,3252,314
E09000015,Harrow,Aged 47 years,3349,3304,45
E09000015,Harrow,Aged 48 years,3236,3261,-25
E09000015,Harrow,Aged 49 years,3329,3221,108
E09000015,Harrow,Aged 5 years,3164,3072,92
E09000015,Harrow,Aged 50 years,3253,3176,77
E09000015,Harrow,Aged 51 years,3391,3091,300
E09000015,Harrow,Aged 52 years,3393,3054,339
E09000015,Harrow,Aged 53 years,3170,2891,279
E09000015,Harrow,Aged 54 years,3137,2945,192
E09000015,Harrow,Aged 55 years,3159,2834,325
E09000015,Harrow,Aged 56 years,3087,2774,313
E09000015,Harrow,Aged 57 years,3099,2581,518
E09000015,Harrow,Aged 58 years,2999,2500,499
E09000015,Harrow,Aged 59 years,3011,2395,616
E09000015,Harrow,Aged 6 years,3244,2944,300
E09000015,Harrow,Aged 60 years,3059,2499,560
E09000015,Harrow,Aged 61 years,2803,2405,398
E09000015,Harrow,Aged 62 years,2802,2319,483
E09000015,Harrow,Aged 63 years,2563,2421,142
E09000015,Harrow,Aged 64 years,2623,2366,257
E09000015,Harrow,Aged 65 years,2497,2041,456
E09000015,Harrow,Aged 66 years,2519,2051,468
E09000015,Harrow,Aged 67 years,2252,1907,345
E09000015,Harrow,Aged 68 years,2176,1785,391
E09000015,Harrow,Aged 69 years,2071,1588,483
E09000015,Harrow,Aged 7 years,3174,2991,183
E09000015,Harrow,Aged 70 years,2032,1563,469
E09000015,Harrow,Aged 71 years,2047,1723,324
E09000015,Harrow,Aged 72 years,1914,1684,230
E09000015,Harrow,Aged 73 years,1978,1550,428
E09000015,Harrow,Aged 74 years,1924,1528,396
E09000015,Harrow,Aged 75 years,1629,1486,143
E09000015,Harrow,Aged 76 years,1636,1483,153
E09000015,Harrow,Aged 77 years,1532,1385,147
E09000015,Harrow,Aged 78 years,1390,1210,180
E09000015,Harrow,Aged 79 years,1175,1162,13
E09000015,Harrow,Aged 8 years,3314,2779,535
E09000015,Harrow,Aged 80 years,1188,1184,4
E09000015,Harrow,Aged 81 years,1260,1136,124
E09000015,Harrow,Aged 82 years,1191,936,255
E09000015,Harrow,Aged 83 years,1089,893,196
E09000015,Harrow,Aged 84 years,1001,784,217
E09000015,Harrow,Aged 85 and over,5680,4588,1092
E09000015,Harrow,Aged 9 years,3237,2635,602
E09000015,Harrow,Aged under 1 year,3034,3215,-181
E09000016,Havering,Aged 1 year,3244,2714,530
E09000016,Havering,Aged 10 years,3240,2667,573
E09000016,Havering,Aged 11 years,3137,2863,274
E09000016,Havering,Aged 12 years,3215,2941,274
E09000016,Havering,Aged 13 years,3236,2852,384
E09000016,Havering,Aged 14 years,3139,3042,97
E09000016,Havering,Aged 15 years,3004,3132,-128
E09000016,Havering,Aged 16 years,3167,3243,-76
E09000016,Havering,Aged 17 years,3063,3196,-133
E09000016,Havering,Aged 18 years,2753,3086,-333
E09000016,Havering,Aged 19 years,2380,2701,-321
E09000016,Havering,Aged 2 years,3430,2784,646
E09000016,Havering,Aged 20 years,2368,2886,-518
E09000016,Havering,Aged 21 years,2631,2868,-237
E09000016,Havering,Aged 22 years,2952,3123,-171
E09000016,Havering,Aged 23 years,2998,3131,-133
E09000016,Havering,Aged 24 years,3157,2968,189
E09000016,Havering,Aged 25 years,3180,3010,170
E09000016,Havering,Aged 26 years,3327,2929,398
E09000016,Havering,Aged 27 years,3294,2901,393
E09000016,Havering,Aged 28 years,3506,2884,622
E09000016,Havering,Aged 29 years,3635,2938,697
E09000016,Havering,Aged 3 years,3308,2794,514
E09000016,Havering,Aged 30 years,3704,3043,661
E09000016,Havering,Aged 31 years,3749,3008,741
E09000016,Havering,Aged 32 years,3916,2883,1033
E09000016,Havering,Aged 33 years,4011,2639,1372
E09000016,Havering,Aged 34 years,3911,2911,1000
E09000016,Havering,Aged 35 years,3971,2779,1192
E09000016,Havering,Aged 36 years,3892,2890,1002
E09000016,Havering,Aged 37 years,3834,2847,987
E09000016,Havering,Aged 38 years,3779,3022,757
E09000016,Havering,Aged 39 years,3713,3196,517
E09000016,Havering,Aged 4 years,3413,2741,672
E09000016,Havering,Aged 40 years,3857,3298,559
E09000016,Havering,Aged 41 years,3717,3383,334
E09000016,Havering,Aged 42 years,3415,3381,34
E09000016,Havering,Aged 43 years,3171,3407,-236
E09000016,Havering,Aged 44 years,3281,3602,-321
E09000016,Havering,Aged 45 years,3223,3563,-340
E09000016,Havering,Aged 46 years,3281,3597,-316
E09000016,Havering,Aged 47 years,3159,3574,-415
E09000016,Havering,Aged 48 years,3238,3531,-293
E09000016,Havering,Aged 49 years,3313,3394,-81
E09000016,Havering,Aged 5 years,3562,2760,802
E09000016,Havering,Aged 50 years,3456,3567,-111
E09000016,Havering,Aged 51 years,3435,3368,67
E09000016,Havering,Aged 52 years,3476,3335,141
E09000016,Havering,Aged 53 years,3451,3246,205
E09000016,Havering,Aged 54 years,3553,3004,549
E09000016,Havering,Aged 55 years,3525,2823,702
E09000016,Havering,Aged 56 years,3464,2714,750
E09000016,Havering,Aged 57 years,3501,2795,706
E09000016,Havering,Aged 58 years,3308,2680,628
E09000016,Havering,Aged 59 years,3160,2662,498
E09000016,Havering,Aged 6 years,3273,2697,576
E09000016,Havering,Aged 60 years,3173,2685,488
E09000016,Havering,Aged 61 years,3021,2704,317
E09000016,Havering,Aged 62 years,2989,2756,233
E09000016,Havering,Aged 63 years,2918,3170,-252
E09000016,Havering,Aged 64 years,2651,3246,-595
E09000016,Havering,Aged 65 years,2462,2425,37
E09000016,Havering,Aged 66 years,2428,2348,80
E09000016,Havering,Aged 67 years,2425,2297,128
E09000016,Havering,Aged 68 years,2245,2136,109
E09000016,Havering,Aged 69 years,2308,1847,461
E09000016,Havering,Aged 7 years,3368,2686,682
E09000016,Havering,Aged 70 years,2300,1830,470
E09000016,Havering,Aged 71 years,2318,1987,331
E09000016,Havering,Aged 72 years,2294,1902,392
E09000016,Havering,Aged 73 years,2611,1906,705
E09000016,Havering,Aged 74 years,2602,1883,719
E09000016,Havering,Aged 75 years,1964,1859,105
E09000016,Havering,Aged 76 years,1878,1807,71
E09000016,Havering,Aged 77 years,1837,1630,207
E09000016,Havering,Aged 78 years,1661,1748,-87
E09000016,Havering,Aged 79 years,1386,1675,-289
E09000016,Havering,Aged 8 years,3298,2504,794
E09000016,Havering,Aged 80 years,1332,1603,-271
E09000016,Havering,Aged 81 years,1365,1520,-155
E09000016,Havering,Aged 82 years,1280,1436,-156
E09000016,Havering,Aged 83 years,1259,1278,-19
E09000016,Havering,Aged 84 years,1180,1104,76
E09000016,Havering,Aged 85 and over,6971,6056,915
E09000016,Havering,Aged 9 years,3361,2583,778
E09000016,Havering,Aged under 1 year,3096,2628,468
E09000017,Hillingdon,Aged 1 year,3920,4146,-226
E09000017,Hillingdon,Aged 10 years,4072,3248,824
E09000017,Hillingdon,Aged 11 years,4025,3407,618
E09000017,Hillingdon,Aged 12 years,4027,3373,654
E09000017,Hillingdon,Aged 13 years,4099,3498,601
E09000017,Hillingdon,Aged 14 years,3772,3351,421
E09000017,Hillingdon,Aged 15 years,3686,3397,289
E09000017,Hillingdon,Aged 16 years,3677,3534,143
E09000017,Hillingdon,Aged 17 years,3663,3693,-30
E09000017,Hillingdon,Aged 18 years,3607,3900,-293
E09000017,Hillingdon,Aged 19 years,3924,4509,-585
E09000017,Hillingdon,Aged 2 years,3939,3854,85
E09000017,Hillingdon,Aged 20 years,3809,4711,-902
E09000017,Hillingdon,Aged 21 years,4070,4463,-393
E09000017,Hillingdon,Aged 22 years,4074,4458,-384
E09000017,Hillingdon,Aged 23 years,3989,4179,-190
E09000017,Hillingdon,Aged 24 years,3870,4123,-253
E09000017,Hillingdon,Aged 25 years,3927,4124,-197
E09000017,Hillingdon,Aged 26 years,4109,4076,33
E09000017,Hillingdon,Aged 27 years,4039,4177,-138
E09000017,Hillingdon,Aged 28 years,4223,4268,-45
E09000017,Hillingdon,Aged 29 years,4472,4233,239
E09000017,Hillingdon,Aged 3 years,4046,4016,30
E09000017,Hillingdon,Aged 30 years,4566,4477,89
E09000017,Hillingdon,Aged 31 years,4657,4455,202
E09000017,Hillingdon,Aged 32 years,4788,4438,350
E09000017,Hillingdon,Aged 33 years,4775,4171,604
E09000017,Hillingdon,Aged 34 years,4894,3966,928
E09000017,Hillingdon,Aged 35 years,4970,4052,918
E09000017,Hillingdon,Aged 36 years,5023,3902,1121
E09000017,Hillingdon,Aged 37 years,5027,4048,979
E09000017,Hillingdon,Aged 38 years,5061,3943,1118
E09000017,Hillingdon,Aged 39 years,4844,4067,777
E09000017,Hillingdon,Aged 4 years,4166,3741,425
E09000017,Hillingdon,Aged 40 years,5097,3897,1200
E09000017,Hillingdon,Aged 41 years,5060,3943,1117
E09000017,Hillingdon,Aged 42 years,4760,3866,894
E09000017,Hillingdon,Aged 43 years,4336,4060,276
E09000017,Hillingdon,Aged 44 years,4209,3913,296
E09000017,Hillingdon,Aged 45 years,4205,3969,236
E09000017,Hillingdon,Aged 46 years,4066,3990,76
E09000017,Hillingdon,Aged 47 years,4152,3801,351
E09000017,Hillingdon,Aged 48 years,3901,3816,85
E09000017,Hillingdon,Aged 49 years,3960,3765,195
E09000017,Hillingdon,Aged 5 years,4057,3743,314
E09000017,Hillingdon,Aged 50 years,3994,3553,441
E09000017,Hillingdon,Aged 51 years,4130,3414,716
E09000017,Hillingdon,Aged 52 years,3812,3309,503
E09000017,Hillingdon,Aged 53 years,4024,3265,759
E09000017,Hillingdon,Aged 54 years,3937,3026,911
E09000017,Hillingdon,Aged 55 years,3886,2976,910
E09000017,Hillingdon,Aged 56 years,3696,2869,827
E09000017,Hillingdon,Aged 57 years,3568,2637,931
E09000017,Hillingdon,Aged 58 years,3568,2622,946
E09000017,Hillingdon,Aged 59 years,3409,2421,988
E09000017,Hillingdon,Aged 6 years,4087,3424,663
E09000017,Hillingdon,Aged 60 years,3338,2401,937
E09000017,Hillingdon,Aged 61 years,3138,2494,644
E09000017,Hillingdon,Aged 62 years,2980,2492,488
E09000017,Hillingdon,Aged 63 years,2763,2732,31
E09000017,Hillingdon,Aged 64 years,2662,2667,-5
E09000017,Hillingdon,Aged 65 years,2589,2060,529
E09000017,Hillingdon,Aged 66 years,2490,2121,369
E09000017,Hillingdon,Aged 67 years,2301,1962,339
E09000017,Hillingdon,Aged 68 years,2246,1859,387
E09000017,Hillingdon,Aged 69 years,2035,1633,402
E09000017,Hillingdon,Aged 7 years,3986,3327,659
E09000017,Hillingdon,Aged 70 years,2018,1626,392
E09000017,Hillingdon,Aged 71 years,2055,1754,301
E09000017,Hillingdon,Aged 72 years,2025,1655,370
E09000017,Hillingdon,Aged 73 years,2188,1696,492
E09000017,Hillingdon,Aged 74 years,2163,1695,468
E09000017,Hillingdon,Aged 75 years,1582,1571,11
E09000017,Hillingdon,Aged 76 years,1629,1576,53
E09000017,Hillingdon,Aged 77 years,1547,1410,137
E09000017,Hillingdon,Aged 78 years,1402,1392,10
E09000017,Hillingdon,Aged 79 years,1228,1297,-69
E09000017,Hillingdon,Aged 8 years,4143,3230,913
E09000017,Hillingdon,Aged 80 years,1250,1255,-5
E09000017,Hillingdon,Aged 81 years,1222,1133,89
E09000017,Hillingdon,Aged 82 years,1137,1031,106
E09000017,Hillingdon,Aged 83 years,1132,913,219
E09000017,Hillingdon,Aged 84 years,1027,847,180
E09000017,Hillingdon,Aged 85 and over,5909,4692,1217
E09000017,Hillingdon,Aged 9 years,4196,3191,1005
E09000017,Hillingdon,Aged under 1 year,3811,3947,-136
E09000018,Hounslow,Aged 1 year,3654,4008,-354
E09000018,Hounslow,Aged 10 years,3847,2743,1104
E09000018,Hounslow,Aged 11 years,3759,2740,1019
E09000018,Hounslow,Aged 12 years,3719,2724,995
E09000018,Hounslow,Aged 13 years,3724,2931,793
E09000018,Hounslow,Aged 14 years,3609,2807,802
E09000018,Hounslow,Aged 15 years,3514,2964,550
E09000018,Hounslow,Aged 16 years,3431,2956,475
E09000018,Hounslow,Aged 17 years,3399,2998,401
E09000018,Hounslow,Aged 18 years,3109,2863,246
E09000018,Hounslow,Aged 19 years,2721,2896,-175
E09000018,Hounslow,Aged 2 years,3587,4001,-414
E09000018,Hounslow,Aged 20 years,2901,2996,-95
E09000018,Hounslow,Aged 21 years,2883,3254,-371
E09000018,Hounslow,Aged 22 years,3307,3720,-413
E09000018,Hounslow,Aged 23 years,3709,4317,-608
E09000018,Hounslow,Aged 24 years,3956,4325,-369
E09000018,Hounslow,Aged 25 years,4003,4957,-954
E09000018,Hounslow,Aged 26 years,3955,5139,-1184
E09000018,Hounslow,Aged 27 years,4123,5075,-952
E09000018,Hounslow,Aged 28 years,4329,5486,-1157
E09000018,Hounslow,Aged 29 years,4398,5574,-1176
E09000018,Hounslow,Aged 3 years,3695,3888,-193
E09000018,Hounslow,Aged 30 years,4650,5424,-774
E09000018,Hounslow,Aged 31 years,4859,5381,-522
E09000018,Hounslow,Aged 32 years,5165,5000,165
E09000018,Hounslow,Aged 33 years,5210,4926,284
E09000018,Hounslow,Aged 34 years,5025,4734,291
E09000018,Hounslow,Aged 35 years,5325,4573,752
E09000018,Hounslow,Aged 36 years,5156,4393,763
E09000018,Hounslow,Aged 37 years,5129,4101,1028
E09000018,Hounslow,Aged 38 years,5165,4174,991
E09000018,Hounslow,Aged 39 years,5127,3903,1224
E09000018,Hounslow,Aged 4 years,3753,3605,148
E09000018,Hounslow,Aged 40 years,5201,3827,1374
E09000018,Hounslow,Aged 41 years,5148,3725,1423
E09000018,Hounslow,Aged 42 years,4759,3541,1218
E09000018,Hounslow,Aged 43 years,4601,3599,1002
E09000018,Hounslow,Aged 44 years,4449,3452,997
E09000018,Hounslow,Aged 45 years,4384,3552,832
E09000018,Hounslow,Aged 46 years,4168,3461,707
E09000018,Hounslow,Aged 47 years,4141,3361,780
E09000018,Hounslow,Aged 48 years,4102,3228,874
E09000018,Hounslow,Aged 49 years,4112,3102,1010
E09000018,Hounslow,Aged 5 years,3822,3368,454
E09000018,Hounslow,Aged 50 years,4008,3113,895
E09000018,Hounslow,Aged 51 years,3851,2924,927
E09000018,Hounslow,Aged 52 years,3867,2926,941
E09000018,Hounslow,Aged 53 years,3705,2730,975
E09000018,Hounslow,Aged 54 years,3511,2809,702
E09000018,Hounslow,Aged 55 years,3560,2566,994
E09000018,Hounslow,Aged 56 years,3384,2542,842
E09000018,Hounslow,Aged 57 years,3333,2385,948
E09000018,Hounslow,Aged 58 years,3141,2377,764
E09000018,Hounslow,Aged 59 years,2952,2335,617
E09000018,Hounslow,Aged 6 years,3722,3186,536
E09000018,Hounslow,Aged 60 years,2924,2153,771
E09000018,Hounslow,Aged 61 years,2894,2270,624
E09000018,Hounslow,Aged 62 years,2653,2113,540
E09000018,Hounslow,Aged 63 years,2376,2160,216
E09000018,Hounslow,Aged 64 years,2474,2149,325
E09000018,Hounslow,Aged 65 years,2273,1691,582
E09000018,Hounslow,Aged 66 years,2120,1711,409
E09000018,Hounslow,Aged 67 years,2048,1592,456
E09000018,Hounslow,Aged 68 years,2160,1517,643
E09000018,Hounslow,Aged 69 years,1964,1405,559
E09000018,Hounslow,Aged 7 years,3698,2858,840
E09000018,Hounslow,Aged 70 years,1851,1321,530
E09000018,Hounslow,Aged 71 years,1887,1407,480
E09000018,Hounslow,Aged 72 years,1710,1387,323
E09000018,Hounslow,Aged 73 years,1761,1300,461
E09000018,Hounslow,Aged 74 years,1695,1261,434
E09000018,Hounslow,Aged 75 years,1354,1176,178
E09000018,Hounslow,Aged 76 years,1385,1112,273
E09000018,Hounslow,Aged 77 years,1216,1009,207
E09000018,Hounslow,Aged 78 years,1080,1048,32
E09000018,Hounslow,Aged 79 years,1096,952,144
E09000018,Hounslow,Aged 8 years,3847,2779,1068
E09000018,Hounslow,Aged 80 years,961,922,39
E09000018,Hounslow,Aged 81 years,962,828,134
E09000018,Hounslow,Aged 82 years,879,691,188
E09000018,Hounslow,Aged 83 years,812,627,185
E09000018,Hounslow,Aged 84 years,742,617,125
E09000018,Hounslow,Aged 85 and over,3992,3285,707
E09000018,Hounslow,Aged 9 years,4018,2708,1310
E09000018,Hounslow,Aged under 1 year,3532,4223,-691
E09000019,Islington,Aged 1 year,2273,2595,-322
E09000019,Islington,Aged 10 years,2027,1873,154
E09000019,Islington,Aged 11 years,2074,1828,246
E09000019,Islington,Aged 12 years,2006,1799,207
E09000019,Islington,Aged 13 years,1945,1828,117
E09000019,Islington,Aged 14 years,1905,1790,115
E09000019,Islington,Aged 15 years,1820,1835,-15
E09000019,Islington,Aged 16 years,1758,1749,9
E09000019,Islington,Aged 17 years,1808,1811,-3
E09000019,Islington,Aged 18 years,2409,2364,45
E09000019,Islington,Aged 19 years,2840,3041,-201
E09000019,Islington,Aged 2 years,2222,2425,-203
E09000019,Islington,Aged 20 years,3046,3288,-242
E09000019,Islington,Aged 21 years,3276,3457,-181
E09000019,Islington,Aged 22 years,3526,3959,-433
E09000019,Islington,Aged 23 years,4076,4588,-512
E09000019,Islington,Aged 24 years,4552,5161,-609
E09000019,Islington,Aged 25 years,5216,5726,-510
E09000019,Islington,Aged 26 years,5577,6150,-573
E09000019,Islington,Aged 27 years,5847,6027,-180
E09000019,Islington,Aged 28 years,6076,6024,52
E09000019,Islington,Aged 29 years,6034,5817,217
E09000019,Islington,Aged 3 years,2124,2341,-217
E09000019,Islington,Aged 30 years,6067,5821,246
E09000019,Islington,Aged 31 years,5932,5603,329
E09000019,Islington,Aged 32 years,5362,5014,348
E09000019,Islington,Aged 33 years,5063,4306,757
E09000019,Islington,Aged 34 years,4889,4123,766
E09000019,Islington,Aged 35 years,4455,3873,582
E09000019,Islington,Aged 36 years,4121,3528,593
E09000019,Islington,Aged 37 years,3790,3431,359
E09000019,Islington,Aged 38 years,3480,3377,103
E09000019,Islington,Aged 39 years,3159,3281,-122
E09000019,Islington,Aged 4 years,2136,2252,-116
E09000019,Islington,Aged 40 years,3335,3163,172
E09000019,Islington,Aged 41 years,3256,2989,267
E09000019,Islington,Aged 42 years,2864,3051,-187
E09000019,Islington,Aged 43 years,2653,2917,-264
E09000019,Islington,Aged 44 years,2694,2956,-262
E09000019,Islington,Aged 45 years,2581,2948,-367
E09000019,Islington,Aged 46 years,2590,2820,-230
E09000019,Islington,Aged 47 years,2470,2594,-124
E09000019,Islington,Aged 48 years,2526,2668,-142
E09000019,Islington,Aged 49 years,2437,2337,100
E09000019,Islington,Aged 5 years,2020,2095,-75
E09000019,Islington,Aged 50 years,2672,2309,363
E09000019,Islington,Aged 51 years,2648,2091,557
E09000019,Islington,Aged 52 years,2488,2030,458
E09000019,Islington,Aged 53 years,2537,1926,611
E09000019,Islington,Aged 54 years,2552,1817,735
E09000019,Islington,Aged 55 years,2648,1758,890
E09000019,Islington,Aged 56 years,2423,1638,785
E09000019,Islington,Aged 57 years,2308,1586,722
E09000019,Islington,Aged 58 years,2321,1478,843
E09000019,Islington,Aged 59 years,2128,1441,687
E09000019,Islington,Aged 6 years,1923,1906,17
E09000019,Islington,Aged 60 years,2021,1384,637
E09000019,Islington,Aged 61 years,1942,1435,507
E09000019,Islington,Aged 62 years,1783,1478,305
E09000019,Islington,Aged 63 years,1580,1479,101
E09000019,Islington,Aged 64 years,1489,1452,37
E09000019,Islington,Aged 65 years,1447,1108,339
E09000019,Islington,Aged 66 years,1331,1170,161
E09000019,Islington,Aged 67 years,1271,1130,141
E09000019,Islington,Aged 68 years,1210,1077,133
E09000019,Islington,Aged 69 years,1173,910,263
E09000019,Islington,Aged 7 years,1953,1899,54
E09000019,Islington,Aged 70 years,1054,906,148
E09000019,Islington,Aged 71 years,1075,939,136
E09000019,Islington,Aged 72 years,1112,944,168
E09000019,Islington,Aged 73 years,1127,862,265
E09000019,Islington,Aged 74 years,1027,839,188
E09000019,Islington,Aged 75 years,783,745,38
E09000019,Islington,Aged 76 years,794,716,78
E09000019,Islington,Aged 77 years,747,720,27
E09000019,Islington,Aged 78 years,688,686,2
E09000019,Islington,Aged 79 years,582,611,-29
E09000019,Islington,Aged 8 years,2045,1866,179
E09000019,Islington,Aged 80 years,577,629,-52
E09000019,Islington,Aged 81 years,566,571,-5
E09000019,Islington,Aged 82 years,533,497,36
E09000019,Islington,Aged 83 years,458,444,14
E09000019,Islington,Aged 84 years,420,401,19
E09000019,Islington,Aged 85 and over,2346,2131,215
E09000019,Islington,Aged 9 years,2032,1817,215
E09000019,Islington,Aged under 1 year,2456,2676,-220
E09000020,Kensington and Chelsea,Aged 1 year,1158,1886,-728
E09000020,Kensington and Chelsea,Aged 10 years,1312,1413,-101
E09000020,Kensington and Chelsea,Aged 11 years,1279,1360,-81
E09000020,Kensington and Chelsea,Aged 12 years,1347,1282,65
E09000020,Kensington and Chelsea,Aged 13 years,1290,1224,66
E09000020,Kensington and Chelsea,Aged 14 years,1256,1163,93
E09000020,Kensington and Chelsea,Aged 15 years,1267,1137,130
E09000020,Kensington and Chelsea,Aged 16 years,1177,1090,87
E09000020,Kensington and Chelsea,Aged 17 years,1527,1218,309
E09000020,Kensington and Chelsea,Aged 18 years,1320,1380,-60
E09000020,Kensington and Chelsea,Aged 19 years,1416,1650,-234
E09000020,Kensington and Chelsea,Aged 2 years,1299,1802,-503
E09000020,Kensington and Chelsea,Aged 20 years,2126,1846,280
E09000020,Kensington and Chelsea,Aged 21 years,1991,2025,-34
E09000020,Kensington and Chelsea,Aged 22 years,2605,2272,333
E09000020,Kensington and Chelsea,Aged 23 years,2691,2631,60
E09000020,Kensington and Chelsea,Aged 24 years,2789,2548,241
E09000020,Kensington and Chelsea,Aged 25 years,2748,2999,-251
E09000020,Kensington and Chelsea,Aged 26 years,2605,3071,-466
E09000020,Kensington and Chelsea,Aged 27 years,2590,3418,-828
E09000020,Kensington and Chelsea,Aged 28 years,2580,3590,-1010
E09000020,Kensington and Chelsea,Aged 29 years,2542,3524,-982
E09000020,Kensington and Chelsea,Aged 3 years,1099,1742,-643
E09000020,Kensington and Chelsea,Aged 30 years,2375,3925,-1550
E09000020,Kensington and Chelsea,Aged 31 years,2529,3855,-1326
E09000020,Kensington and Chelsea,Aged 32 years,2404,3740,-1336
E09000020,Kensington and Chelsea,Aged 33 years,2505,3485,-980
E09000020,Kensington and Chelsea,Aged 34 years,2264,3340,-1076
E09000020,Kensington and Chelsea,Aged 35 years,2351,3025,-674
E09000020,Kensington and Chelsea,Aged 36 years,2107,2903,-796
E09000020,Kensington and Chelsea,Aged 37 years,2030,2877,-847
E09000020,Kensington and Chelsea,Aged 38 years,2057,2767,-710
E09000020,Kensington and Chelsea,Aged 39 years,2023,2828,-805
E09000020,Kensington and Chelsea,Aged 4 years,1345,1813,-468
E09000020,Kensington and Chelsea,Aged 40 years,2031,2544,-513
E09000020,Kensington and Chelsea,Aged 41 years,2035,2501,-466
E09000020,Kensington and Chelsea,Aged 42 years,1843,2557,-714
E09000020,Kensington and Chelsea,Aged 43 years,1895,2430,-535
E09000020,Kensington and Chelsea,Aged 44 years,1785,2400,-615
E09000020,Kensington and Chelsea,Aged 45 years,2047,2417,-370
E09000020,Kensington and Chelsea,Aged 46 years,1940,2345,-405
E09000020,Kensington and Chelsea,Aged 47 years,2071,2323,-252
E09000020,Kensington and Chelsea,Aged 48 years,2053,2197,-144
E09000020,Kensington and Chelsea,Aged 49 years,2088,2094,-6
E09000020,Kensington and Chelsea,Aged 5 years,1184,1638,-454
E09000020,Kensington and Chelsea,Aged 50 years,2281,2069,212
E09000020,Kensington and Chelsea,Aged 51 years,2067,1980,87
E09000020,Kensington and Chelsea,Aged 52 years,2329,1900,429
E09000020,Kensington and Chelsea,Aged 53 years,2198,1791,407
E09000020,Kensington and Chelsea,Aged 54 years,2207,1735,472
E09000020,Kensington and Chelsea,Aged 55 years,2172,1579,593
E09000020,Kensington and Chelsea,Aged 56 years,2137,1585,552
E09000020,Kensington and Chelsea,Aged 57 years,2135,1516,619
E09000020,Kensington and Chelsea,Aged 58 years,2094,1540,554
E09000020,Kensington and Chelsea,Aged 59 years,1902,1466,436
E09000020,Kensington and Chelsea,Aged 6 years,1255,1550,-295
E09000020,Kensington and Chelsea,Aged 60 years,1779,1658,121
E09000020,Kensington and Chelsea,Aged 61 years,1618,1624,-6
E09000020,Kensington and Chelsea,Aged 62 years,1561,1630,-69
E09000020,Kensington and Chelsea,Aged 63 years,1453,1607,-154
E09000020,Kensington and Chelsea,Aged 64 years,1418,1657,-239
E09000020,Kensington and Chelsea,Aged 65 years,1277,1331,-54
E09000020,Kensington and Chelsea,Aged 66 years,1246,1397,-151
E09000020,Kensington and Chelsea,Aged 67 years,1222,1269,-47
E09000020,Kensington and Chelsea,Aged 68 years,1110,1222,-112
E09000020,Kensington and Chelsea,Aged 69 years,999,1052,-53
E09000020,Kensington and Chelsea,Aged 7 years,1320,1577,-257
E09000020,Kensington and Chelsea,Aged 70 years,1147,943,204
E09000020,Kensington and Chelsea,Aged 71 years,1044,1021,23
E09000020,Kensington and Chelsea,Aged 72 years,1146,965,181
E09000020,Kensington and Chelsea,Aged 73 years,1083,863,220
E09000020,Kensington and Chelsea,Aged 74 years,1050,865,185
E09000020,Kensington and Chelsea,Aged 75 years,864,733,131
E09000020,Kensington and Chelsea,Aged 76 years,934,746,188
E09000020,Kensington and Chelsea,Aged 77 years,789,624,165
E09000020,Kensington and Chelsea,Aged 78 years,809,576,233
E09000020,Kensington and Chelsea,Aged 79 years,626,583,43
E09000020,Kensington and Chelsea,Aged 8 years,1269,1477,-208
E09000020,Kensington and Chelsea,Aged 80 years,657,599,58
E09000020,Kensington and Chelsea,Aged 81 years,640,540,100
E09000020,Kensington and Chelsea,Aged 82 years,546,476,70
E09000020,Kensington and Chelsea,Aged 83 years,495,437,58
E09000020,Kensington and Chelsea,Aged 84 years,455,406,49
E09000020,Kensington and Chelsea,Aged 85 and over,2460,2467,-7
E09000020,Kensington and Chelsea,Aged 9 years,1336,1372,-36
E09000020,Kensington and Chelsea,Aged under 1 year,1270,1946,-676
E09000021,Kingston upon Thames,Aged 1 year,1869,2181,-312
E09000021,Kingston upon Thames,Aged 10 years,2161,1655,506
E09000021,Kingston upon Thames,Aged 11 years,2127,1754,373
E09000021,Kingston upon Thames,Aged 12 years,2173,1732,441
E09000021,Kingston upon Thames,Aged 13 years,2153,1732,421
E09000021,Kingston upon Thames,Aged 14 years,1972,1668,304
E09000021,Kingston upon Thames,Aged 15 years,1942,1799,143
E09000021,Kingston upon Thames,Aged 16 years,1978,1748,230
E09000021,Kingston upon Thames,Aged 17 years,1942,1674,268
E09000021,Kingston upon Thames,Aged 18 years,1740,1985,-245
E09000021,Kingston upon Thames,Aged 19 years,1848,2658,-810
E09000021,Kingston upon Thames,Aged 2 years,1891,2276,-385
E09000021,Kingston upon Thames,Aged 20 years,2075,3001,-926
E09000021,Kingston upon Thames,Aged 21 years,2260,2916,-656
E09000021,Kingston upon Thames,Aged 22 years,2264,2711,-447
E09000021,Kingston upon Thames,Aged 23 years,2335,2533,-198
E09000021,Kingston upon Thames,Aged 24 years,2221,2344,-123
E09000021,Kingston upon Thames,Aged 25 years,2104,2430,-326
E09000021,Kingston upon Thames,Aged 26 years,2151,2263,-112
E09000021,Kingston upon Thames,Aged 27 years,2164,2522,-358
E09000021,Kingston upon Thames,Aged 28 years,2210,2588,-378
E09000021,Kingston upon Thames,Aged 29 years,2357,2555,-198
E09000021,Kingston upon Thames,Aged 3 years,2014,2182,-168
E09000021,Kingston upon Thames,Aged 30 years,2367,2746,-379
E09000021,Kingston upon Thames,Aged 31 years,2417,2695,-278
E09000021,Kingston upon Thames,Aged 32 years,2573,2627,-54
E09000021,Kingston upon Thames,Aged 33 years,2496,2624,-128
E09000021,Kingston upon Thames,Aged 34 years,2432,2664,-232
E09000021,Kingston upon Thames,Aged 35 years,2509,2739,-230
E09000021,Kingston upon Thames,Aged 36 years,2634,2681,-47
E09000021,Kingston upon Thames,Aged 37 years,2535,2634,-99
E09000021,Kingston upon Thames,Aged 38 years,2713,2690,23
E09000021,Kingston upon Thames,Aged 39 years,2589,2663,-74
E09000021,Kingston upon Thames,Aged 4 years,1983,2008,-25
E09000021,Kingston upon Thames,Aged 40 years,2844,2485,359
E09000021,Kingston upon Thames,Aged 41 years,2813,2471,342
E09000021,Kingston upon Thames,Aged 42 years,2701,2451,250
E09000021,Kingston upon Thames,Aged 43 years,2610,2373,237
E09000021,Kingston upon Thames,Aged 44 years,2524,2377,147
E09000021,Kingston upon Thames,Aged 45 years,2556,2356,200
E09000021,Kingston upon Thames,Aged 46 years,2558,2320,238
E09000021,Kingston upon Thames,Aged 47 years,2538,2232,306
E09000021,Kingston upon Thames,Aged 48 years,2556,2191,365
E09000021,Kingston upon Thames,Aged 49 years,2482,2027,455
E09000021,Kingston upon Thames,Aged 5 years,2130,1928,202
E09000021,Kingston upon Thames,Aged 50 years,2496,2091,405
E09000021,Kingston upon Thames,Aged 51 years,2345,1958,387
E09000021,Kingston upon Thames,Aged 52 years,2360,1934,426
E09000021,Kingston upon Thames,Aged 53 years,2231,1738,493
E09000021,Kingston upon Thames,Aged 54 years,2203,1783,420
E09000021,Kingston upon Thames,Aged 55 years,2195,1623,572
E09000021,Kingston upon Thames,Aged 56 years,2128,1634,494
E09000021,Kingston upon Thames,Aged 57 years,2065,1667,398
E09000021,Kingston upon Thames,Aged 58 years,1968,1555,413
E09000021,Kingston upon Thames,Aged 59 years,1832,1493,339
E09000021,Kingston upon Thames,Aged 6 years,2096,1865,231
E09000021,Kingston upon Thames,Aged 60 years,1819,1553,266
E09000021,Kingston upon Thames,Aged 61 years,1732,1536,196
E09000021,Kingston upon Thames,Aged 62 years,1656,1626,30
E09000021,Kingston upon Thames,Aged 63 years,1489,1621,-132
E09000021,Kingston upon Thames,Aged 64 years,1526,1646,-120
E09000021,Kingston upon Thames,Aged 65 years,1400,1270,130
E09000021,Kingston upon Thames,Aged 66 years,1370,1190,180
E09000021,Kingston upon Thames,Aged 67 years,1420,1148,272
E09000021,Kingston upon Thames,Aged 68 years,1287,1150,137
E09000021,Kingston upon Thames,Aged 69 years,1249,936,313
E09000021,Kingston upon Thames,Aged 7 years,1977,1854,123
E09000021,Kingston upon Thames,Aged 70 years,1275,948,327
E09000021,Kingston upon Thames,Aged 71 years,1280,943,337
E09000021,Kingston upon Thames,Aged 72 years,1302,919,383
E09000021,Kingston upon Thames,Aged 73 years,1345,845,500
E09000021,Kingston upon Thames,Aged 74 years,1399,892,507
E09000021,Kingston upon Thames,Aged 75 years,1044,784,260
E09000021,Kingston upon Thames,Aged 76 years,976,759,217
E09000021,Kingston upon Thames,Aged 77 years,953,746,207
E09000021,Kingston upon Thames,Aged 78 years,866,738,128
E09000021,Kingston upon Thames,Aged 79 years,711,726,-15
E09000021,Kingston upon Thames,Aged 8 years,2143,1631,512
E09000021,Kingston upon Thames,Aged 80 years,712,696,16
E09000021,Kingston upon Thames,Aged 81 years,685,670,15
E09000021,Kingston upon Thames,Aged 82 years,658,609,49
E09000021,Kingston upon Thames,Aged 83 years,547,568,-21
E09000021,Kingston upon Thames,Aged 84 years,575,479,96
E09000021,Kingston upon Thames,Aged 85 and over,3270,3342,-72
E09000021,Kingston upon Thames,Aged 9 years,2166,1688,478
E09000021,Kingston upon Thames,Aged under 1 year,1802,2317,-515
E09000022,Lambeth,Aged 1 year,3201,4322,-1121
E09000022,Lambeth,Aged 10 years,3086,2940,146
E09000022,Lambeth,Aged 11 years,3111,3014,97
E09000022,Lambeth,Aged 12 years,3078,2938,140
E09000022,Lambeth,Aged 13 years,3158,2985,173
E09000022,Lambeth,Aged 14 years,3052,2877,175
E09000022,Lambeth,Aged 15 years,3020,2955,65
E09000022,Lambeth,Aged 16 years,2960,2844,116
E09000022,Lambeth,Aged 17 years,3049,2732,317
E09000022,Lambeth,Aged 18 years,2978,2853,125
E09000022,Lambeth,Aged 19 years,2927,2674,253
E09000022,Lambeth,Aged 2 years,3009,4167,-1158
E09000022,Lambeth,Aged 20 years,3091,3228,-137
E09000022,Lambeth,Aged 21 years,3454,3904,-450
E09000022,Lambeth,Aged 22 years,4952,5152,-200
E09000022,Lambeth,Aged 23 years,6788,6629,159
E09000022,Lambeth,Aged 24 years,8470,7789,681
E09000022,Lambeth,Aged 25 years,9238,8575,663
E09000022,Lambeth,Aged 26 years,9611,8785,826
E09000022,Lambeth,Aged 27 years,9086,8672,414
E09000022,Lambeth,Aged 28 years,8886,8604,282
E09000022,Lambeth,Aged 29 years,8519,8499,20
E09000022,Lambeth,Aged 3 years,2959,3977,-1018
E09000022,Lambeth,Aged 30 years,8515,8500,15
E09000022,Lambeth,Aged 31 years,7655,7876,-221
E09000022,Lambeth,Aged 32 years,7312,7612,-300
E09000022,Lambeth,Aged 33 years,6846,6760,86
E09000022,Lambeth,Aged 34 years,6233,6257,-24
E09000022,Lambeth,Aged 35 years,5946,5934,12
E09000022,Lambeth,Aged 36 years,5264,5670,-406
E09000022,Lambeth,Aged 37 years,5209,5255,-46
E09000022,Lambeth,Aged 38 years,4980,5221,-241
E09000022,Lambeth,Aged 39 years,5034,5118,-84
E09000022,Lambeth,Aged 4 years,2949,3718,-769
E09000022,Lambeth,Aged 40 years,4863,4938,-75
E09000022,Lambeth,Aged 41 years,4729,4540,189
E09000022,Lambeth,Aged 42 years,4430,4643,-213
E09000022,Lambeth,Aged 43 years,4188,4572,-384
E09000022,Lambeth,Aged 44 years,4233,4395,-162
E09000022,Lambeth,Aged 45 years,4271,4550,-279
E09000022,Lambeth,Aged 46 years,4161,4517,-356
E09000022,Lambeth,Aged 47 years,3933,4212,-279
E09000022,Lambeth,Aged 48 years,3964,3915,49
E09000022,Lambeth,Aged 49 years,4087,3703,384
E09000022,Lambeth,Aged 5 years,2942,3675,-733
E09000022,Lambeth,Aged 50 years,4021,3609,412
E09000022,Lambeth,Aged 51 years,4175,3321,854
E09000022,Lambeth,Aged 52 years,4194,3043,1151
E09000022,Lambeth,Aged 53 years,4195,2934,1261
E09000022,Lambeth,Aged 54 years,3883,2694,1189
E09000022,Lambeth,Aged 55 years,4074,2540,1534
E09000022,Lambeth,Aged 56 years,3771,2406,1365
E09000022,Lambeth,Aged 57 years,3624,2288,1336
E09000022,Lambeth,Aged 58 years,3506,2143,1363
E09000022,Lambeth,Aged 59 years,3212,1995,1217
E09000022,Lambeth,Aged 6 years,2957,3258,-301
E09000022,Lambeth,Aged 60 years,3017,1874,1143
E09000022,Lambeth,Aged 61 years,2742,1913,829
E09000022,Lambeth,Aged 62 years,2631,1752,879
E09000022,Lambeth,Aged 63 years,2491,1780,711
E09000022,Lambeth,Aged 64 years,2290,1693,597
E09000022,Lambeth,Aged 65 years,2139,1376,763
E09000022,Lambeth,Aged 66 years,1994,1406,588
E09000022,Lambeth,Aged 67 years,1707,1317,390
E09000022,Lambeth,Aged 68 years,1621,1338,283
E09000022,Lambeth,Aged 69 years,1517,1186,331
E09000022,Lambeth,Aged 7 years,2949,3263,-314
E09000022,Lambeth,Aged 70 years,1488,1285,203
E09000022,Lambeth,Aged 71 years,1445,1249,196
E09000022,Lambeth,Aged 72 years,1344,1203,141
E09000022,Lambeth,Aged 73 years,1339,1121,218
E09000022,Lambeth,Aged 74 years,1243,1136,107
E09000022,Lambeth,Aged 75 years,1035,983,52
E09000022,Lambeth,Aged 76 years,952,934,18
E09000022,Lambeth,Aged 77 years,942,822,120
E09000022,Lambeth,Aged 78 years,935,863,72
E09000022,Lambeth,Aged 79 years,774,836,-62
E09000022,Lambeth,Aged 8 years,3157,3052,105
E09000022,Lambeth,Aged 80 years,820,804,16
E09000022,Lambeth,Aged 81 years,801,755,46
E09000022,Lambeth,Aged 82 years,718,642,76
E09000022,Lambeth,Aged 83 years,658,550,108
E09000022,Lambeth,Aged 84 years,629,536,93
E09000022,Lambeth,Aged 85 and over,3164,2845,319
E09000022,Lambeth,Aged 9 years,2934,3128,-194
E09000022,Lambeth,Aged under 1 year,3147,4517,-1370
E09000023,Lewisham,Aged 1 year,4007,4513,-506
E09000023,Lewisham,Aged 10 years,3606,3018,588
E09000023,Lewisham,Aged 11 years,3632,3212,420
E09000023,Lewisham,Aged 12 years,3547,2869,678
E09000023,Lewisham,Aged 13 years,3393,3055,338
E09000023,Lewisham,Aged 14 years,3400,3114,286
E09000023,Lewisham,Aged 15 years,3263,3199,64
E09000023,Lewisham,Aged 16 years,3355,3154,201
E09000023,Lewisham,Aged 17 years,3242,3217,25
E09000023,Lewisham,Aged 18 years,3002,3293,-291
E09000023,Lewisham,Aged 19 years,2807,3264,-457
E09000023,Lewisham,Aged 2 years,3811,4437,-626
E09000023,Lewisham,Aged 20 years,3042,3599,-557
E09000023,Lewisham,Aged 21 years,3512,3696,-184
E09000023,Lewisham,Aged 22 years,3531,4468,-937
E09000023,Lewisham,Aged 23 years,4187,4414,-227
E09000023,Lewisham,Aged 24 years,4538,4706,-168
E09000023,Lewisham,Aged 25 years,4892,4971,-79
E09000023,Lewisham,Aged 26 years,5147,5079,68
E09000023,Lewisham,Aged 27 years,5508,5381,127
E09000023,Lewisham,Aged 28 years,5970,5359,611
E09000023,Lewisham,Aged 29 years,6066,5675,391
E09000023,Lewisham,Aged 3 years,3812,4319,-507
E09000023,Lewisham,Aged 30 years,6194,5962,232
E09000023,Lewisham,Aged 31 years,6224,5733,491
E09000023,Lewisham,Aged 32 years,6397,6004,393
E09000023,Lewisham,Aged 33 years,6061,5424,637
E09000023,Lewisham,Aged 34 years,5975,5540,435
E09000023,Lewisham,Aged 35 years,6108,5093,1015
E09000023,Lewisham,Aged 36 years,5520,4758,762
E09000023,Lewisham,Aged 37 years,5416,4662,754
E09000023,Lewisham,Aged 38 years,5252,4821,431
E09000023,Lewisham,Aged 39 years,5210,4879,331
E09000023,Lewisham,Aged 4 years,3655,4056,-401
E09000023,Lewisham,Aged 40 years,5148,4536,612
E09000023,Lewisham,Aged 41 years,4978,4360,618
E09000023,Lewisham,Aged 42 years,4758,4334,424
E09000023,Lewisham,Aged 43 years,4590,4349,241
E09000023,Lewisham,Aged 44 years,4274,4340,-66
E09000023,Lewisham,Aged 45 years,4193,4181,12
E09000023,Lewisham,Aged 46 years,4346,4308,38
E09000023,Lewisham,Aged 47 years,4107,4099,8
E09000023,Lewisham,Aged 48 years,4088,4035,53
E09000023,Lewisham,Aged 49 years,4048,3858,190
E09000023,Lewisham,Aged 5 years,3747,3927,-180
E09000023,Lewisham,Aged 50 years,4255,3616,639
E09000023,Lewisham,Aged 51 years,3919,3174,745
E09000023,Lewisham,Aged 52 years,3983,3130,853
E09000023,Lewisham,Aged 53 years,3810,3014,796
E09000023,Lewisham,Aged 54 years,4021,2816,1205
E09000023,Lewisham,Aged 55 years,3877,2626,1251
E09000023,Lewisham,Aged 56 years,4004,2432,1572
E09000023,Lewisham,Aged 57 years,3628,2197,1431
E09000023,Lewisham,Aged 58 years,3718,2165,1553
E09000023,Lewisham,Aged 59 years,3360,2103,1257
E09000023,Lewisham,Aged 6 years,3568,3352,216
E09000023,Lewisham,Aged 60 years,3084,2017,1067
E09000023,Lewisham,Aged 61 years,2807,1897,910
E09000023,Lewisham,Aged 62 years,2722,1901,821
E09000023,Lewisham,Aged 63 years,2547,2056,491
E09000023,Lewisham,Aged 64 years,2344,1918,426
E09000023,Lewisham,Aged 65 years,2149,1567,582
E09000023,Lewisham,Aged 66 years,1842,1517,325
E09000023,Lewisham,Aged 67 years,1820,1433,387
E09000023,Lewisham,Aged 68 years,1589,1480,109
E09000023,Lewisham,Aged 69 years,1605,1287,318
E09000023,Lewisham,Aged 7 years,3597,3301,296
E09000023,Lewisham,Aged 70 years,1545,1270,275
E09000023,Lewisham,Aged 71 years,1397,1291,106
E09000023,Lewisham,Aged 72 years,1373,1304,69
E09000023,Lewisham,Aged 73 years,1421,1317,104
E09000023,Lewisham,Aged 74 years,1351,1175,176
E09000023,Lewisham,Aged 75 years,1059,1159,-100
E09000023,Lewisham,Aged 76 years,1081,1077,4
E09000023,Lewisham,Aged 77 years,1010,1015,-5
E09000023,Lewisham,Aged 78 years,1028,944,84
E09000023,Lewisham,Aged 79 years,867,918,-51
E09000023,Lewisham,Aged 8 years,3695,3113,582
E09000023,Lewisham,Aged 80 years,821,914,-93
E09000023,Lewisham,Aged 81 years,836,902,-66
E09000023,Lewisham,Aged 82 years,832,761,71
E09000023,Lewisham,Aged 83 years,777,675,102
E09000023,Lewisham,Aged 84 years,653,648,5
E09000023,Lewisham,Aged 85 and over,3593,3481,112
E09000023,Lewisham,Aged 9 years,3565,2972,593
E09000023,Lewisham,Aged under 1 year,3842,4679,-837
E09000024,Merton,Aged 1 year,2738,3136,-398
E09000024,Merton,Aged 10 years,2685,2116,569
E09000024,Merton,Aged 11 years,2689,2055,634
E09000024,Merton,Aged 12 years,2611,2075,536
E09000024,Merton,Aged 13 years,2676,2093,583
E09000024,Merton,Aged 14 years,2508,2135,373
E09000024,Merton,Aged 15 years,2414,2142,272
E09000024,Merton,Aged 16 years,2430,2177,253
E09000024,Merton,Aged 17 years,2302,2241,61
E09000024,Merton,Aged 18 years,1953,2131,-178
E09000024,Merton,Aged 19 years,1579,1718,-139
E09000024,Merton,Aged 2 years,2742,2853,-111
E09000024,Merton,Aged 20 years,1639,1749,-110
E09000024,Merton,Aged 21 years,1862,2101,-239
E09000024,Merton,Aged 22 years,2287,2517,-230
E09000024,Merton,Aged 23 years,2560,3001,-441
E09000024,Merton,Aged 24 years,2819,3084,-265
E09000024,Merton,Aged 25 years,3114,3562,-448
E09000024,Merton,Aged 26 years,3385,3864,-479
E09000024,Merton,Aged 27 years,3282,4003,-721
E09000024,Merton,Aged 28 years,3725,4182,-457
E09000024,Merton,Aged 29 years,3706,4266,-560
E09000024,Merton,Aged 3 years,2667,2878,-211
E09000024,Merton,Aged 30 years,3734,4424,-690
E09000024,Merton,Aged 31 years,3906,4381,-475
E09000024,Merton,Aged 32 years,3746,4234,-488
E09000024,Merton,Aged 33 years,3883,3889,-6
E09000024,Merton,Aged 34 years,3875,3976,-101
E09000024,Merton,Aged 35 years,3814,3643,171
E09000024,Merton,Aged 36 years,3779,3542,237
E09000024,Merton,Aged 37 years,3784,3392,392
E09000024,Merton,Aged 38 years,3735,3429,306
E09000024,Merton,Aged 39 years,3842,3249,593
E09000024,Merton,Aged 4 years,2645,2759,-114
E09000024,Merton,Aged 40 years,3854,3203,651
E09000024,Merton,Aged 41 years,3747,3097,650
E09000024,Merton,Aged 42 years,3648,3125,523
E09000024,Merton,Aged 43 years,3398,3101,297
E09000024,Merton,Aged 44 years,3472,2978,494
E09000024,Merton,Aged 45 years,3141,2972,169
E09000024,Merton,Aged 46 years,3197,2816,381
E09000024,Merton,Aged 47 years,3019,2873,146
E09000024,Merton,Aged 48 years,3167,2781,386
E09000024,Merton,Aged 49 years,3001,2597,404
E09000024,Merton,Aged 5 years,2800,2537,263
E09000024,Merton,Aged 50 years,2918,2430,488
E09000024,Merton,Aged 51 years,2920,2372,548
E09000024,Merton,Aged 52 years,2910,2217,693
E09000024,Merton,Aged 53 years,2924,2147,777
E09000024,Merton,Aged 54 years,2810,2128,682
E09000024,Merton,Aged 55 years,2777,2060,717
E09000024,Merton,Aged 56 years,2547,1888,659
E09000024,Merton,Aged 57 years,2540,1831,709
E09000024,Merton,Aged 58 years,2443,1764,679
E09000024,Merton,Aged 59 years,2277,1806,471
E09000024,Merton,Aged 6 years,2577,2405,172
E09000024,Merton,Aged 60 years,2281,1734,547
E09000024,Merton,Aged 61 years,2151,1744,407
E09000024,Merton,Aged 62 years,2010,1765,245
E09000024,Merton,Aged 63 years,1887,1825,62
E09000024,Merton,Aged 64 years,1922,1709,213
E09000024,Merton,Aged 65 years,1735,1394,341
E09000024,Merton,Aged 66 years,1633,1403,230
E09000024,Merton,Aged 67 years,1581,1259,322
E09000024,Merton,Aged 68 years,1500,1180,320
E09000024,Merton,Aged 69 years,1430,1138,292
E09000024,Merton,Aged 7 years,2574,2283,291
E09000024,Merton,Aged 70 years,1496,1168,328
E09000024,Merton,Aged 71 years,1407,1126,281
E09000024,Merton,Aged 72 years,1409,1094,315
E09000024,Merton,Aged 73 years,1443,1095,348
E09000024,Merton,Aged 74 years,1349,1023,326
E09000024,Merton,Aged 75 years,1082,1009,73
E09000024,Merton,Aged 76 years,1066,891,175
E09000024,Merton,Aged 77 years,934,872,62
E09000024,Merton,Aged 78 years,882,930,-48
E09000024,Merton,Aged 79 years,796,822,-26
E09000024,Merton,Aged 8 years,2663,2059,604
E09000024,Merton,Aged 80 years,823,847,-24
E09000024,Merton,Aged 81 years,812,738,74
E09000024,Merton,Aged 82 years,761,652,109
E09000024,Merton,Aged 83 years,706,654,52
E09000024,Merton,Aged 84 years,639,550,89
E09000024,Merton,Aged 85 and over,3587,3277,310
E09000024,Merton,Aged 9 years,2686,2123,563
E09000024,Merton,Aged under 1 year,2740,3204,-464
E09000025,Newham,Aged 1 year,4883,5234,-351
E09000025,Newham,Aged 10 years,4586,3967,619
E09000025,Newham,Aged 11 years,4885,3818,1067
E09000025,Newham,Aged 12 years,4561,3915,646
E09000025,Newham,Aged 13 years,4736,3910,826
E09000025,Newham,Aged 14 years,4526,3977,549
E09000025,Newham,Aged 15 years,4388,4089,299
E09000025,Newham,Aged 16 years,4546,3995,551
E09000025,Newham,Aged 17 years,4325,3939,386
E09000025,Newham,Aged 18 years,4504,3980,524
E09000025,Newham,Aged 19 years,4391,4408,-17
E09000025,Newham,Aged 2 years,4765,4992,-227
E09000025,Newham,Aged 20 years,4559,5409,-850
E09000025,Newham,Aged 21 years,4882,5804,-922
E09000025,Newham,Aged 22 years,5719,6627,-908
E09000025,Newham,Aged 23 years,6380,7136,-756
E09000025,Newham,Aged 24 years,6745,7610,-865
E09000025,Newham,Aged 25 years,7121,8219,-1098
E09000025,Newham,Aged 26 years,7143,8265,-1122
E09000025,Newham,Aged 27 years,7160,8085,-925
E09000025,Newham,Aged 28 years,7460,8193,-733
E09000025,Newham,Aged 29 years,7150,7675,-525
E09000025,Newham,Aged 3 years,4802,5055,-253
E09000025,Newham,Aged 30 years,7475,7325,150
E09000025,Newham,Aged 31 years,7449,6869,580
E09000025,Newham,Aged 32 years,7267,6316,951
E09000025,Newham,Aged 33 years,7427,5730,1697
E09000025,Newham,Aged 34 years,7083,5655,1428
E09000025,Newham,Aged 35 years,6954,5226,1728
E09000025,Newham,Aged 36 years,6854,4740,2114
E09000025,Newham,Aged 37 years,6514,4623,1891
E09000025,Newham,Aged 38 years,6196,4561,1635
E09000025,Newham,Aged 39 years,6011,4335,1676
E09000025,Newham,Aged 4 years,4615,4741,-126
E09000025,Newham,Aged 40 years,5975,4538,1437
E09000025,Newham,Aged 41 years,5925,4357,1568
E09000025,Newham,Aged 42 years,5573,4409,1164
E09000025,Newham,Aged 43 years,5011,3960,1051
E09000025,Newham,Aged 44 years,4912,3958,954
E09000025,Newham,Aged 45 years,4933,3815,1118
E09000025,Newham,Aged 46 years,4771,3504,1267
E09000025,Newham,Aged 47 years,4596,3529,1067
E09000025,Newham,Aged 48 years,4251,3477,774
E09000025,Newham,Aged 49 years,4216,3154,1062
E09000025,Newham,Aged 5 years,4702,4581,121
E09000025,Newham,Aged 50 years,4459,3311,1148
E09000025,Newham,Aged 51 years,4484,3068,1416
E09000025,Newham,Aged 52 years,4064,2833,1231
E09000025,Newham,Aged 53 years,3868,2798,1070
E09000025,Newham,Aged 54 years,3585,2721,864
E09000025,Newham,Aged 55 years,3560,2449,1111
E09000025,Newham,Aged 56 years,3323,2276,1047
E09000025,Newham,Aged 57 years,3384,2084,1300
E09000025,Newham,Aged 58 years,3137,2073,1064
E09000025,Newham,Aged 59 years,2897,1925,972
E09000025,Newham,Aged 6 years,4519,4262,257
E09000025,Newham,Aged 60 years,2948,1876,1072
E09000025,Newham,Aged 61 years,2710,1769,941
E09000025,Newham,Aged 62 years,2514,1648,866
E09000025,Newham,Aged 63 years,2348,1649,699
E09000025,Newham,Aged 64 years,2250,1591,659
E09000025,Newham,Aged 65 years,2110,1253,857
E09000025,Newham,Aged 66 years,1926,1227,699
E09000025,Newham,Aged 67 years,1710,1225,485
E09000025,Newham,Aged 68 years,1791,1209,582
E09000025,Newham,Aged 69 years,1567,1078,489
E09000025,Newham,Aged 7 years,4696,4003,693
E09000025,Newham,Aged 70 years,1404,1127,277
E09000025,Newham,Aged 71 years,1291,1151,140
E09000025,Newham,Aged 72 years,1239,1124,115
E09000025,Newham,Aged 73 years,1229,1000,229
E09000025,Newham,Aged 74 years,1131,1067,64
E09000025,Newham,Aged 75 years,869,885,-16
E09000025,Newham,Aged 76 years,808,903,-95
E09000025,Newham,Aged 77 years,799,773,26
E09000025,Newham,Aged 78 years,822,772,50
E09000025,Newham,Aged 79 years,702,722,-20
E09000025,Newham,Aged 8 years,4687,4081,606
E09000025,Newham,Aged 80 years,731,676,55
E09000025,Newham,Aged 81 years,658,632,26
E09000025,Newham,Aged 82 years,652,526,126
E09000025,Newham,Aged 83 years,587,482,105
E09000025,Newham,Aged 84 years,555,425,130
E09000025,Newham,Aged 85 and over,2586,2336,250
E09000025,Newham,Aged 9 years,4722,3907,815
E09000025,Newham,Aged under 1 year,4790,5362,-572
E09000026,Redbridge,Aged 1 year,4238,4459,-221
E09000026,Redbridge,Aged 10 years,4315,3654,661
E09000026,Redbridge,Aged 11 years,4295,3648,647
E09000026,Redbridge,Aged 12 years,4319,3738,581
E09000026,Redbridge,Aged 13 years,4279,3746,533
E09000026,Redbridge,Aged 14 years,4217,3793,424
E09000026,Redbridge,Aged 15 years,3890,3689,201
E09000026,Redbridge,Aged 16 years,4104,3722,382
E09000026,Redbridge,Aged 17 years,4248,3805,443
E09000026,Redbridge,Aged 18 years,3675,3554,121
E09000026,Redbridge,Aged 19 years,3398,3167,231
E09000026,Redbridge,Aged 2 years,4323,4225,98
E09000026,Redbridge,Aged 20 years,3229,3170,59
E09000026,Redbridge,Aged 21 years,3507,3420,87
E09000026,Redbridge,Aged 22 years,3792,3807,-15
E09000026,Redbridge,Aged 23 years,4075,4189,-114
E09000026,Redbridge,Aged 24 years,4364,4308,56
E09000026,Redbridge,Aged 25 years,4274,4531,-257
E09000026,Redbridge,Aged 26 years,4173,4726,-553
E09000026,Redbridge,Aged 27 years,4245,4789,-544
E09000026,Redbridge,Aged 28 years,4494,4986,-492
E09000026,Redbridge,Aged 29 years,4549,4782,-233
E09000026,Redbridge,Aged 3 years,4256,4385,-129
E09000026,Redbridge,Aged 30 years,4804,5026,-222
E09000026,Redbridge,Aged 31 years,4818,5009,-191
E09000026,Redbridge,Aged 32 years,5084,4777,307
E09000026,Redbridge,Aged 33 years,5091,4587,504
E09000026,Redbridge,Aged 34 years,5107,4536,571
E09000026,Redbridge,Aged 35 years,5085,4278,807
E09000026,Redbridge,Aged 36 years,5494,4138,1356
E09000026,Redbridge,Aged 37 years,5203,4210,993
E09000026,Redbridge,Aged 38 years,5294,4003,1291
E09000026,Redbridge,Aged 39 years,5152,4013,1139
E09000026,Redbridge,Aged 4 years,4315,4279,36
E09000026,Redbridge,Aged 40 years,5367,4048,1319
E09000026,Redbridge,Aged 41 years,5177,3935,1242
E09000026,Redbridge,Aged 42 years,4781,3867,914
E09000026,Redbridge,Aged 43 years,4805,3982,823
E09000026,Redbridge,Aged 44 years,4654,3822,832
E09000026,Redbridge,Aged 45 years,4465,3860,605
E09000026,Redbridge,Aged 46 years,4278,3806,472
E09000026,Redbridge,Aged 47 years,4310,3762,548
E09000026,Redbridge,Aged 48 years,4168,3682,486
E09000026,Redbridge,Aged 49 years,3894,3451,443
E09000026,Redbridge,Aged 5 years,4423,3874,549
E09000026,Redbridge,Aged 50 years,4116,3491,625
E09000026,Redbridge,Aged 51 years,3911,3406,505
E09000026,Redbridge,Aged 52 years,3941,3260,681
E09000026,Redbridge,Aged 53 years,3867,3227,640
E09000026,Redbridge,Aged 54 years,3585,3072,513
E09000026,Redbridge,Aged 55 years,3529,2973,556
E09000026,Redbridge,Aged 56 years,3701,2974,727
E09000026,Redbridge,Aged 57 years,3368,2765,603
E09000026,Redbridge,Aged 58 years,3257,2638,619
E09000026,Redbridge,Aged 59 years,3152,2595,557
E09000026,Redbridge,Aged 6 years,4290,3891,399
E09000026,Redbridge,Aged 60 years,3093,2515,578
E09000026,Redbridge,Aged 61 years,3033,2545,488
E09000026,Redbridge,Aged 62 years,2779,2450,329
E09000026,Redbridge,Aged 63 years,2872,2537,335
E09000026,Redbridge,Aged 64 years,2725,2531,194
E09000026,Redbridge,Aged 65 years,2475,1935,540
E09000026,Redbridge,Aged 66 years,2384,2006,378
E09000026,Redbridge,Aged 67 years,2235,1841,394
E09000026,Redbridge,Aged 68 years,2101,1870,231
E09000026,Redbridge,Aged 69 years,2080,1513,567
E09000026,Redbridge,Aged 7 years,4263,3796,467
E09000026,Redbridge,Aged 70 years,1991,1515,476
E09000026,Redbridge,Aged 71 years,1920,1642,278
E09000026,Redbridge,Aged 72 years,1848,1584,264
E09000026,Redbridge,Aged 73 years,1931,1517,414
E09000026,Redbridge,Aged 74 years,1944,1394,550
E09000026,Redbridge,Aged 75 years,1482,1364,118
E09000026,Redbridge,Aged 76 years,1463,1377,86
E09000026,Redbridge,Aged 77 years,1348,1313,35
E09000026,Redbridge,Aged 78 years,1259,1204,55
E09000026,Redbridge,Aged 79 years,1091,1191,-100
E09000026,Redbridge,Aged 8 years,4351,3693,658
E09000026,Redbridge,Aged 80 years,1057,1150,-93
E09000026,Redbridge,Aged 81 years,1180,1138,42
E09000026,Redbridge,Aged 82 years,1062,1000,62
E09000026,Redbridge,Aged 83 years,979,944,35
E09000026,Redbridge,Aged 84 years,881,872,9
E09000026,Redbridge,Aged 85 and over,5220,5015,205
E09000026,Redbridge,Aged 9 years,4406,3670,736
E09000026,Redbridge,Aged under 1 year,4062,4318,-256
E09000027,Richmond upon Thames,Aged 1 year,2153,2857,-704
E09000027,Richmond upon Thames,Aged 10 years,2762,2005,757
E09000027,Richmond upon Thames,Aged 11 years,2735,2060,675
E09000027,Richmond upon Thames,Aged 12 years,2690,2038,652
E09000027,Richmond upon Thames,Aged 13 years,2557,1925,632
E09000027,Richmond upon Thames,Aged 14 years,2484,1799,685
E09000027,Richmond upon Thames,Aged 15 years,2303,1966,337
E09000027,Richmond upon Thames,Aged 16 years,2322,1800,522
E09000027,Richmond upon Thames,Aged 17 years,2230,1821,409
E09000027,Richmond upon Thames,Aged 18 years,1918,1823,95
E09000027,Richmond upon Thames,Aged 19 years,1379,1675,-296
E09000027,Richmond upon Thames,Aged 2 years,2214,2819,-605
E09000027,Richmond upon Thames,Aged 20 years,1248,1625,-377
E09000027,Richmond upon Thames,Aged 21 years,1449,1542,-93
E09000027,Richmond upon Thames,Aged 22 years,1749,1772,-23
E09000027,Richmond upon Thames,Aged 23 years,1937,2008,-71
E09000027,Richmond upon Thames,Aged 24 years,1846,2198,-352
E09000027,Richmond upon Thames,Aged 25 years,1866,2126,-260
E09000027,Richmond upon Thames,Aged 26 years,1857,2343,-486
E09000027,Richmond upon Thames,Aged 27 years,2012,2512,-500
E09000027,Richmond upon Thames,Aged 28 years,2044,2696,-652
E09000027,Richmond upon Thames,Aged 29 years,2173,2869,-696
E09000027,Richmond upon Thames,Aged 3 years,2289,2705,-416
E09000027,Richmond upon Thames,Aged 30 years,2259,3012,-753
E09000027,Richmond upon Thames,Aged 31 years,2403,3133,-730
E09000027,Richmond upon Thames,Aged 32 years,2346,3287,-941
E09000027,Richmond upon Thames,Aged 33 years,2536,3322,-786
E09000027,Richmond upon Thames,Aged 34 years,2553,3272,-719
E09000027,Richmond upon Thames,Aged 35 years,2701,3279,-578
E09000027,Richmond upon Thames,Aged 36 years,2731,3574,-843
E09000027,Richmond upon Thames,Aged 37 years,2847,3525,-678
E09000027,Richmond upon Thames,Aged 38 years,3057,3556,-499
E09000027,Richmond upon Thames,Aged 39 years,3006,3499,-493
E09000027,Richmond upon Thames,Aged 4 years,2424,2664,-240
E09000027,Richmond upon Thames,Aged 40 years,3230,3304,-74
E09000027,Richmond upon Thames,Aged 41 years,3384,3171,213
E09000027,Richmond upon Thames,Aged 42 years,3242,3180,62
E09000027,Richmond upon Thames,Aged 43 years,3242,3155,87
E09000027,Richmond upon Thames,Aged 44 years,3260,3127,133
E09000027,Richmond upon Thames,Aged 45 years,3139,3086,53
E09000027,Richmond upon Thames,Aged 46 years,3317,3040,277
E09000027,Richmond upon Thames,Aged 47 years,3212,2875,337
E09000027,Richmond upon Thames,Aged 48 years,3282,2837,445
E09000027,Richmond upon Thames,Aged 49 years,3298,2698,600
E09000027,Richmond upon Thames,Aged 5 years,2441,2446,-5
E09000027,Richmond upon Thames,Aged 50 years,3281,2470,811
E09000027,Richmond upon Thames,Aged 51 years,3072,2445,627
E09000027,Richmond upon Thames,Aged 52 years,3006,2380,626
E09000027,Richmond upon Thames,Aged 53 years,3025,2281,744
E09000027,Richmond upon Thames,Aged 54 years,3022,2229,793
E09000027,Richmond upon Thames,Aged 55 years,3027,2100,927
E09000027,Richmond upon Thames,Aged 56 years,2847,2062,785
E09000027,Richmond upon Thames,Aged 57 years,2726,2027,699
E09000027,Richmond upon Thames,Aged 58 years,2621,1896,725
E09000027,Richmond upon Thames,Aged 59 years,2434,1982,452
E09000027,Richmond upon Thames,Aged 6 years,2521,2330,191
E09000027,Richmond upon Thames,Aged 60 years,2246,1936,310
E09000027,Richmond upon Thames,Aged 61 years,2112,1886,226
E09000027,Richmond upon Thames,Aged 62 years,2067,1994,73
E09000027,Richmond upon Thames,Aged 63 years,1921,2181,-260
E09000027,Richmond upon Thames,Aged 64 years,1902,2145,-243
E09000027,Richmond upon Thames,Aged 65 years,1736,1635,101
E09000027,Richmond upon Thames,Aged 66 years,1667,1670,-3
E09000027,Richmond upon Thames,Aged 67 years,1691,1590,101
E09000027,Richmond upon Thames,Aged 68 years,1614,1358,256
E09000027,Richmond upon Thames,Aged 69 years,1646,1153,493
E09000027,Richmond upon Thames,Aged 7 years,2568,2210,358
E09000027,Richmond upon Thames,Aged 70 years,1684,1201,483
E09000027,Richmond upon Thames,Aged 71 years,1672,1199,473
E09000027,Richmond upon Thames,Aged 72 years,1679,1160,519
E09000027,Richmond upon Thames,Aged 73 years,1880,1097,783
E09000027,Richmond upon Thames,Aged 74 years,1815,960,855
E09000027,Richmond upon Thames,Aged 75 years,1395,1014,381
E09000027,Richmond upon Thames,Aged 76 years,1390,907,483
E09000027,Richmond upon Thames,Aged 77 years,1321,863,458
E09000027,Richmond upon Thames,Aged 78 years,1140,904,236
E09000027,Richmond upon Thames,Aged 79 years,912,837,75
E09000027,Richmond upon Thames,Aged 8 years,2601,2165,436
E09000027,Richmond upon Thames,Aged 80 years,900,870,30
E09000027,Richmond upon Thames,Aged 81 years,899,771,128
E09000027,Richmond upon Thames,Aged 82 years,870,670,200
E09000027,Richmond upon Thames,Aged 83 years,777,704,73
E09000027,Richmond upon Thames,Aged 84 years,618,694,-76
E09000027,Richmond upon Thames,Aged 85 and over,4141,4039,102
E09000027,Richmond upon Thames,Aged 9 years,2682,1956,726
E09000027,Richmond upon Thames,Aged under 1 year,2023,2993,-970
E09000028,Southwark,Aged 1 year,3403,4352,-949
E09000028,Southwark,Aged 10 years,3371,2809,562
E09000028,Southwark,Aged 11 years,3195,2777,418
E09000028,Southwark,Aged 12 years,3288,2868,420
E09000028,Southwark,Aged 13 years,3163,2758,405
E09000028,Southwark,Aged 14 years,3206,2885,321
E09000028,Southwark,Aged 15 years,3023,2984,39
E09000028,Southwark,Aged 16 years,3115,2826,289
E09000028,Southwark,Aged 17 years,2949,2830,119
E09000028,Southwark,Aged 18 years,3333,3349,-16
E09000028,Southwark,Aged 19 years,3778,3977,-199
E09000028,Southwark,Aged 2 years,3276,4020,-744
E09000028,Southwark,Aged 20 years,3770,4768,-998
E09000028,Southwark,Aged 21 years,4636,4946,-310
E09000028,Southwark,Aged 22 years,4936,5482,-546
E09000028,Southwark,Aged 23 years,5768,5876,-108
E09000028,Southwark,Aged 24 years,6368,5924,444
E09000028,Southwark,Aged 25 years,7197,6937,260
E09000028,Southwark,Aged 26 years,7349,7133,216
E09000028,Southwark,Aged 27 years,7897,7191,706
E09000028,Southwark,Aged 28 years,7938,7210,728
E09000028,Southwark,Aged 29 years,7884,7254,630
E09000028,Southwark,Aged 3 years,3178,3991,-813
E09000028,Southwark,Aged 30 years,7592,7044,548
E09000028,Southwark,Aged 31 years,7642,6819,823
E09000028,Southwark,Aged 32 years,7382,6503,879
E09000028,Southwark,Aged 33 years,6531,6081,450
E09000028,Southwark,Aged 34 years,5812,5850,-38
E09000028,Southwark,Aged 35 years,5919,5444,475
E09000028,Southwark,Aged 36 years,5456,5263,193
E09000028,Southwark,Aged 37 years,5302,5057,245
E09000028,Southwark,Aged 38 years,4964,4970,-6
E09000028,Southwark,Aged 39 years,4894,4565,329
E09000028,Southwark,Aged 4 years,3275,3706,-431
E09000028,Southwark,Aged 40 years,4674,4815,-141
E09000028,Southwark,Aged 41 years,4578,4671,-93
E09000028,Southwark,Aged 42 years,4350,4426,-76
E09000028,Southwark,Aged 43 years,4063,4478,-415
E09000028,Southwark,Aged 44 years,4190,4536,-346
E09000028,Southwark,Aged 45 years,4184,4238,-54
E09000028,Southwark,Aged 46 years,4038,4216,-178
E09000028,Southwark,Aged 47 years,3879,4087,-208
E09000028,Southwark,Aged 48 years,4061,4033,28
E09000028,Southwark,Aged 49 years,3753,3547,206
E09000028,Southwark,Aged 5 years,3234,3540,-306
E09000028,Southwark,Aged 50 years,3980,3716,264
E09000028,Southwark,Aged 51 years,3945,3466,479
E09000028,Southwark,Aged 52 years,3930,3102,828
E09000028,Southwark,Aged 53 years,3787,3046,741
E09000028,Southwark,Aged 54 years,3916,2740,1176
E09000028,Southwark,Aged 55 years,3686,2571,1115
E09000028,Southwark,Aged 56 years,3687,2365,1322
E09000028,Southwark,Aged 57 years,3560,2173,1387
E09000028,Southwark,Aged 58 years,3482,2039,1443
E09000028,Southwark,Aged 59 years,3154,1936,1218
E09000028,Southwark,Aged 6 years,3145,3258,-113
E09000028,Southwark,Aged 60 years,3112,1918,1194
E09000028,Southwark,Aged 61 years,2833,1769,1064
E09000028,Southwark,Aged 62 years,2576,1817,759
E09000028,Southwark,Aged 63 years,2378,1812,566
E09000028,Southwark,Aged 64 years,2247,1756,491
E09000028,Southwark,Aged 65 years,1988,1402,586
E09000028,Southwark,Aged 66 years,1796,1383,413
E09000028,Southwark,Aged 67 years,1744,1306,438
E09000028,Southwark,Aged 68 years,1522,1282,240
E09000028,Southwark,Aged 69 years,1349,1174,175
E09000028,Southwark,Aged 7 years,3169,3038,131
E09000028,Southwark,Aged 70 years,1348,1132,216
E09000028,Southwark,Aged 71 years,1393,1173,220
E09000028,Southwark,Aged 72 years,1286,1115,171
E09000028,Southwark,Aged 73 years,1294,1013,281
E09000028,Southwark,Aged 74 years,1348,999,349
E09000028,Southwark,Aged 75 years,1030,997,33
E09000028,Southwark,Aged 76 years,929,862,67
E09000028,Southwark,Aged 77 years,835,801,34
E09000028,Southwark,Aged 78 years,800,808,-8
E09000028,Southwark,Aged 79 years,757,803,-46
E09000028,Southwark,Aged 8 years,3195,2960,235
E09000028,Southwark,Aged 80 years,744,749,-5
E09000028,Southwark,Aged 81 years,724,685,39
E09000028,Southwark,Aged 82 years,704,686,18
E09000028,Southwark,Aged 83 years,577,548,29
E09000028,Southwark,Aged 84 years,525,527,-2
E09000028,Southwark,Aged 85 and over,2993,2884,109
E09000028,Southwark,Aged 9 years,3149,2766,383
E09000028,Southwark,Aged under 1 year,3230,4670,-1440
E09000029,Sutton,Aged 1 year,2515,2628,-113
E09000029,Sutton,Aged 10 years,2966,2218,748
E09000029,Sutton,Aged 11 years,3005,2339,666
E09000029,Sutton,Aged 12 years,2889,2246,643
E09000029,Sutton,Aged 13 years,2822,2458,364
E09000029,Sutton,Aged 14 years,2687,2412,275
E09000029,Sutton,Aged 15 years,2567,2470,97
E09000029,Sutton,Aged 16 years,2569,2506,63
E09000029,Sutton,Aged 17 years,2506,2591,-85
E09000029,Sutton,Aged 18 years,2133,2155,-22
E09000029,Sutton,Aged 19 years,1566,1765,-199
E09000029,Sutton,Aged 2 years,2567,2564,3
E09000029,Sutton,Aged 20 years,1602,1790,-188
E09000029,Sutton,Aged 21 years,1818,1912,-94
E09000029,Sutton,Aged 22 years,1977,2206,-229
E09000029,Sutton,Aged 23 years,2282,2361,-79
E09000029,Sutton,Aged 24 years,2265,2388,-123
E09000029,Sutton,Aged 25 years,2297,2434,-137
E09000029,Sutton,Aged 26 years,2426,2455,-29
E09000029,Sutton,Aged 27 years,2517,2566,-49
E09000029,Sutton,Aged 28 years,2545,2794,-249
E09000029,Sutton,Aged 29 years,2688,2936,-248
E09000029,Sutton,Aged 3 years,2572,2557,15
E09000029,Sutton,Aged 30 years,2822,2875,-53
E09000029,Sutton,Aged 31 years,2851,2972,-121
E09000029,Sutton,Aged 32 years,2951,2848,103
E09000029,Sutton,Aged 33 years,3039,2742,297
E09000029,Sutton,Aged 34 years,3064,2866,198
E09000029,Sutton,Aged 35 years,3175,2773,402
E09000029,Sutton,Aged 36 years,3230,2954,276
E09000029,Sutton,Aged 37 years,3209,2946,263
E09000029,Sutton,Aged 38 years,3511,2958,553
E09000029,Sutton,Aged 39 years,3524,3106,418
E09000029,Sutton,Aged 4 years,2839,2427,412
E09000029,Sutton,Aged 40 years,3556,3051,505
E09000029,Sutton,Aged 41 years,3637,2953,684
E09000029,Sutton,Aged 42 years,3490,3031,459
E09000029,Sutton,Aged 43 years,3258,3099,159
E09000029,Sutton,Aged 44 years,3185,3279,-94
E09000029,Sutton,Aged 45 years,3033,3155,-122
E09000029,Sutton,Aged 46 years,3170,3149,21
E09000029,Sutton,Aged 47 years,3012,3041,-29
E09000029,Sutton,Aged 48 years,3013,2905,108
E09000029,Sutton,Aged 49 years,3035,2678,357
E09000029,Sutton,Aged 5 years,2771,2398,373
E09000029,Sutton,Aged 50 years,3031,2697,334
E09000029,Sutton,Aged 51 years,2895,2562,333
E09000029,Sutton,Aged 52 years,2908,2481,427
E09000029,Sutton,Aged 53 years,2906,2335,571
E09000029,Sutton,Aged 54 years,2975,2199,776
E09000029,Sutton,Aged 55 years,2911,2189,722
E09000029,Sutton,Aged 56 years,2938,2024,914
E09000029,Sutton,Aged 57 years,2720,2070,650
E09000029,Sutton,Aged 58 years,2611,1948,663
E09000029,Sutton,Aged 59 years,2415,1814,601
E09000029,Sutton,Aged 6 years,2821,2295,526
E09000029,Sutton,Aged 60 years,2376,1978,398
E09000029,Sutton,Aged 61 years,2241,1898,343
E09000029,Sutton,Aged 62 years,2128,1950,178
E09000029,Sutton,Aged 63 years,1987,2159,-172
E09000029,Sutton,Aged 64 years,1917,2381,-464
E09000029,Sutton,Aged 65 years,1927,1588,339
E09000029,Sutton,Aged 66 years,1770,1744,26
E09000029,Sutton,Aged 67 years,1753,1507,246
E09000029,Sutton,Aged 68 years,1641,1470,171
E09000029,Sutton,Aged 69 years,1522,1254,268
E09000029,Sutton,Aged 7 years,2809,2204,605
E09000029,Sutton,Aged 70 years,1574,1174,400
E09000029,Sutton,Aged 71 years,1552,1305,247
E09000029,Sutton,Aged 72 years,1601,1284,317
E09000029,Sutton,Aged 73 years,1712,1279,433
E09000029,Sutton,Aged 74 years,1917,1180,737
E09000029,Sutton,Aged 75 years,1264,1154,110
E09000029,Sutton,Aged 76 years,1370,1163,207
E09000029,Sutton,Aged 77 years,1192,996,196
E09000029,Sutton,Aged 78 years,1143,1036,107
E09000029,Sutton,Aged 79 years,933,996,-63
E09000029,Sutton,Aged 8 years,2853,2116,737
E09000029,Sutton,Aged 80 years,853,933,-80
E09000029,Sutton,Aged 81 years,960,892,68
E09000029,Sutton,Aged 82 years,922,849,73
E09000029,Sutton,Aged 83 years,796,752,44
E09000029,Sutton,Aged 84 years,773,677,96
E09000029,Sutton,Aged 85 and over,4566,4000,566
E09000029,Sutton,Aged 9 years,2998,2082,916
E09000029,Sutton,Aged under 1 year,2303,2574,-271
E09000030,Tower Hamlets,Aged 1 year,3880,3957,-77
E09000030,Tower Hamlets,Aged 10 years,3474,2771,703
E09000030,Tower Hamlets,Aged 11 years,3613,2568,1045
E09000030,Tower Hamlets,Aged 12 years,3447,2610,837
E09000030,Tower Hamlets,Aged 13 years,3481,2611,870
E09000030,Tower Hamlets,Aged 14 years,3380,2642,738
E09000030,Tower Hamlets,Aged 15 years,3280,2660,620
E09000030,Tower Hamlets,Aged 16 years,3365,2476,889
E09000030,Tower Hamlets,Aged 17 years,3403,2477,926
E09000030,Tower Hamlets,Aged 18 years,3628,2977,651
E09000030,Tower Hamlets,Aged 19 years,4689,4033,656
E09000030,Tower Hamlets,Aged 2 years,3702,3706,-4
E09000030,Tower Hamlets,Aged 20 years,5013,4851,162
E09000030,Tower Hamlets,Aged 21 years,5393,5229,164
E09000030,Tower Hamlets,Aged 22 years,6066,5920,146
E09000030,Tower Hamlets,Aged 23 years,7170,7042,128
E09000030,Tower Hamlets,Aged 24 years,8346,7776,570
E09000030,Tower Hamlets,Aged 25 years,8667,7919,748
E09000030,Tower Hamlets,Aged 26 years,9009,8075,934
E09000030,Tower Hamlets,Aged 27 years,8925,8245,680
E09000030,Tower Hamlets,Aged 28 years,8785,8039,746
E09000030,Tower Hamlets,Aged 29 years,9091,7879,1212
E09000030,Tower Hamlets,Aged 3 years,3683,3564,119
E09000030,Tower Hamlets,Aged 30 years,9058,7771,1287
E09000030,Tower Hamlets,Aged 31 years,8519,7143,1376
E09000030,Tower Hamlets,Aged 32 years,8246,6412,1834
E09000030,Tower Hamlets,Aged 33 years,7778,5994,1784
E09000030,Tower Hamlets,Aged 34 years,7103,5708,1395
E09000030,Tower Hamlets,Aged 35 years,6742,4901,1841
E09000030,Tower Hamlets,Aged 36 years,6265,4897,1368
E09000030,Tower Hamlets,Aged 37 years,5907,4278,1629
E09000030,Tower Hamlets,Aged 38 years,5466,3778,1688
E09000030,Tower Hamlets,Aged 39 years,5396,3685,1711
E09000030,Tower Hamlets,Aged 4 years,3855,3458,397
E09000030,Tower Hamlets,Aged 40 years,5177,3595,1582
E09000030,Tower Hamlets,Aged 41 years,4774,3174,1600
E09000030,Tower Hamlets,Aged 42 years,4396,3133,1263
E09000030,Tower Hamlets,Aged 43 years,4148,2933,1215
E09000030,Tower Hamlets,Aged 44 years,4144,2843,1301
E09000030,Tower Hamlets,Aged 45 years,3845,2502,1343
E09000030,Tower Hamlets,Aged 46 years,3732,2414,1318
E09000030,Tower Hamlets,Aged 47 years,3693,2403,1290
E09000030,Tower Hamlets,Aged 48 years,3278,2297,981
E09000030,Tower Hamlets,Aged 49 years,2993,2162,831
E09000030,Tower Hamlets,Aged 5 years,3503,3406,97
E09000030,Tower Hamlets,Aged 50 years,2957,2051,906
E09000030,Tower Hamlets,Aged 51 years,2836,2046,790
E09000030,Tower Hamlets,Aged 52 years,2833,1934,899
E09000030,Tower Hamlets,Aged 53 years,2740,1894,846
E09000030,Tower Hamlets,Aged 54 years,2554,1811,743
E09000030,Tower Hamlets,Aged 55 years,2301,1732,569
E09000030,Tower Hamlets,Aged 56 years,2197,1645,552
E09000030,Tower Hamlets,Aged 57 years,2302,1491,811
E09000030,Tower Hamlets,Aged 58 years,2093,1562,531
E09000030,Tower Hamlets,Aged 59 years,1942,1393,549
E09000030,Tower Hamlets,Aged 6 years,3431,3099,332
E09000030,Tower Hamlets,Aged 60 years,1796,1247,549
E09000030,Tower Hamlets,Aged 61 years,1830,1173,657
E09000030,Tower Hamlets,Aged 62 years,1650,1174,476
E09000030,Tower Hamlets,Aged 63 years,1646,1126,520
E09000030,Tower Hamlets,Aged 64 years,1522,1143,379
E09000030,Tower Hamlets,Aged 65 years,1383,893,490
E09000030,Tower Hamlets,Aged 66 years,1294,862,432
E09000030,Tower Hamlets,Aged 67 years,1118,815,303
E09000030,Tower Hamlets,Aged 68 years,1188,805,383
E09000030,Tower Hamlets,Aged 69 years,1062,765,297
E09000030,Tower Hamlets,Aged 7 years,3480,3192,288
E09000030,Tower Hamlets,Aged 70 years,1039,869,170
E09000030,Tower Hamlets,Aged 71 years,884,832,52
E09000030,Tower Hamlets,Aged 72 years,851,764,87
E09000030,Tower Hamlets,Aged 73 years,782,785,-3
E09000030,Tower Hamlets,Aged 74 years,778,779,-1
E09000030,Tower Hamlets,Aged 75 years,650,708,-58
E09000030,Tower Hamlets,Aged 76 years,583,667,-84
E09000030,Tower Hamlets,Aged 77 years,535,642,-107
E09000030,Tower Hamlets,Aged 78 years,545,621,-76
E09000030,Tower Hamlets,Aged 79 years,484,566,-82
E09000030,Tower Hamlets,Aged 8 years,3618,2948,670
E09000030,Tower Hamlets,Aged 80 years,516,619,-103
E09000030,Tower Hamlets,Aged 81 years,490,528,-38
E09000030,Tower Hamlets,Aged 82 years,417,446,-29
E09000030,Tower Hamlets,Aged 83 years,421,440,-19
E09000030,Tower Hamlets,Aged 84 years,383,374,9
E09000030,Tower Hamlets,Aged 85 and over,2068,1790,278
E09000030,Tower Hamlets,Aged 9 years,3626,2886,740
E09000030,Tower Hamlets,Aged under 1 year,3970,4065,-95
E09000031,Waltham Forest,Aged 1 year,3971,4228,-257
E09000031,Waltham Forest,Aged 10 years,3442,3026,416
E09000031,Waltham Forest,Aged 11 years,3402,2910,492
E09000031,Waltham Forest,Aged 12 years,3340,2889,451
E09000031,Waltham Forest,Aged 13 years,3266,2970,296
E09000031,Waltham Forest,Aged 14 years,3163,2965,198
E09000031,Waltham Forest,Aged 15 years,3205,3056,149
E09000031,Waltham Forest,Aged 16 years,3134,3118,16
E09000031,Waltham Forest,Aged 17 years,3259,3116,143
E09000031,Waltham Forest,Aged 18 years,2868,3113,-245
E09000031,Waltham Forest,Aged 19 years,2676,2838,-162
E09000031,Waltham Forest,Aged 2 years,3900,4198,-298
E09000031,Waltham Forest,Aged 20 years,2603,3544,-941
E09000031,Waltham Forest,Aged 21 years,2836,3731,-895
E09000031,Waltham Forest,Aged 22 years,3081,4113,-1032
E09000031,Waltham Forest,Aged 23 years,3347,4547,-1200
E09000031,Waltham Forest,Aged 24 years,3706,4669,-963
E09000031,Waltham Forest,Aged 25 years,3841,5066,-1225
E09000031,Waltham Forest,Aged 26 years,4308,5411,-1103
E09000031,Waltham Forest,Aged 27 years,4493,5379,-886
E09000031,Waltham Forest,Aged 28 years,4820,5285,-465
E09000031,Waltham Forest,Aged 29 years,5079,5367,-288
E09000031,Waltham Forest,Aged 3 years,3578,4047,-469
E09000031,Waltham Forest,Aged 30 years,5555,5197,358
E09000031,Waltham Forest,Aged 31 years,5530,5058,472
E09000031,Waltham Forest,Aged 32 years,5665,4744,921
E09000031,Waltham Forest,Aged 33 years,5905,4677,1228
E09000031,Waltham Forest,Aged 34 years,5882,4492,1390
E09000031,Waltham Forest,Aged 35 years,5558,4378,1180
E09000031,Waltham Forest,Aged 36 years,5539,4175,1364
E09000031,Waltham Forest,Aged 37 years,5467,4140,1327
E09000031,Waltham Forest,Aged 38 years,5367,4143,1224
E09000031,Waltham Forest,Aged 39 years,5154,4276,878
E09000031,Waltham Forest,Aged 4 years,3619,3963,-344
E09000031,Waltham Forest,Aged 40 years,5012,4243,769
E09000031,Waltham Forest,Aged 41 years,4855,3931,924
E09000031,Waltham Forest,Aged 42 years,4540,4139,401
E09000031,Waltham Forest,Aged 43 years,4540,3965,575
E09000031,Waltham Forest,Aged 44 years,4156,3965,191
E09000031,Waltham Forest,Aged 45 years,4223,3630,593
E09000031,Waltham Forest,Aged 46 years,3920,3663,257
E09000031,Waltham Forest,Aged 47 years,3661,3432,229
E09000031,Waltham Forest,Aged 48 years,3793,3385,408
E09000031,Waltham Forest,Aged 49 years,3747,3230,517
E09000031,Waltham Forest,Aged 5 years,3605,3569,36
E09000031,Waltham Forest,Aged 50 years,3890,3084,806
E09000031,Waltham Forest,Aged 51 years,3615,2963,652
E09000031,Waltham Forest,Aged 52 years,3596,3001,595
E09000031,Waltham Forest,Aged 53 years,3629,2671,958
E09000031,Waltham Forest,Aged 54 years,3401,2602,799
E09000031,Waltham Forest,Aged 55 years,3286,2346,940
E09000031,Waltham Forest,Aged 56 years,3281,2352,929
E09000031,Waltham Forest,Aged 57 years,3223,2305,918
E09000031,Waltham Forest,Aged 58 years,2906,2236,670
E09000031,Waltham Forest,Aged 59 years,2760,2062,698
E09000031,Waltham Forest,Aged 6 years,3448,3401,47
E09000031,Waltham Forest,Aged 60 years,2762,1991,771
E09000031,Waltham Forest,Aged 61 years,2635,1830,805
E09000031,Waltham Forest,Aged 62 years,2428,1933,495
E09000031,Waltham Forest,Aged 63 years,2179,1992,187
E09000031,Waltham Forest,Aged 64 years,2073,2037,36
E09000031,Waltham Forest,Aged 65 years,1901,1552,349
E09000031,Waltham Forest,Aged 66 years,1904,1500,404
E09000031,Waltham Forest,Aged 67 years,1742,1420,322
E09000031,Waltham Forest,Aged 68 years,1648,1491,157
E09000031,Waltham Forest,Aged 69 years,1601,1268,333
E09000031,Waltham Forest,Aged 7 years,3442,3389,53
E09000031,Waltham Forest,Aged 70 years,1496,1164,332
E09000031,Waltham Forest,Aged 71 years,1398,1302,96
E09000031,Waltham Forest,Aged 72 years,1419,1279,140
E09000031,Waltham Forest,Aged 73 years,1439,1236,203
E09000031,Waltham Forest,Aged 74 years,1451,1201,250
E09000031,Waltham Forest,Aged 75 years,1138,1171,-33
E09000031,Waltham Forest,Aged 76 years,1070,984,86
E09000031,Waltham Forest,Aged 77 years,992,990,2
E09000031,Waltham Forest,Aged 78 years,1044,931,113
E09000031,Waltham Forest,Aged 79 years,845,891,-46
E09000031,Waltham Forest,Aged 8 years,3472,3089,383
E09000031,Waltham Forest,Aged 80 years,794,848,-54
E09000031,Waltham Forest,Aged 81 years,827,790,37
E09000031,Waltham Forest,Aged 82 years,803,733,70
E09000031,Waltham Forest,Aged 83 years,740,665,75
E09000031,Waltham Forest,Aged 84 years,710,626,84
E09000031,Waltham Forest,Aged 85 and over,3439,3524,-85
E09000031,Waltham Forest,Aged 9 years,3474,3015,459
E09000031,Waltham Forest,Aged under 1 year,3917,4403,-486
E09000032,Wandsworth,Aged 1 year,3852,4608,-756
E09000032,Wandsworth,Aged 10 years,3284,2581,703
E09000032,Wandsworth,Aged 11 years,3157,2582,575
E09000032,Wandsworth,Aged 12 years,3174,2564,610
E09000032,Wandsworth,Aged 13 years,3122,2487,635
E09000032,Wandsworth,Aged 14 years,2941,2307,634
E09000032,Wandsworth,Aged 15 years,2658,2241,417
E09000032,Wandsworth,Aged 16 years,2727,2301,426
E09000032,Wandsworth,Aged 17 years,2662,2320,342
E09000032,Wandsworth,Aged 18 years,2515,2563,-48
E09000032,Wandsworth,Aged 19 years,2520,2978,-458
E09000032,Wandsworth,Aged 2 years,3784,4219,-435
E09000032,Wandsworth,Aged 20 years,2715,3101,-386
E09000032,Wandsworth,Aged 21 years,3115,3494,-379
E09000032,Wandsworth,Aged 22 years,4226,4335,-109
E09000032,Wandsworth,Aged 23 years,5875,5586,289
E09000032,Wandsworth,Aged 24 years,7913,7183,730
E09000032,Wandsworth,Aged 25 years,9179,8575,604
E09000032,Wandsworth,Aged 26 years,9749,9357,392
E09000032,Wandsworth,Aged 27 years,9916,9594,322
E09000032,Wandsworth,Aged 28 years,9428,9845,-417
E09000032,Wandsworth,Aged 29 years,9387,9846,-459
E09000032,Wandsworth,Aged 3 years,3548,3932,-384
E09000032,Wandsworth,Aged 30 years,9008,9198,-190
E09000032,Wandsworth,Aged 31 years,7992,8945,-953
E09000032,Wandsworth,Aged 32 years,7608,8554,-946
E09000032,Wandsworth,Aged 33 years,7199,7823,-624
E09000032,Wandsworth,Aged 34 years,6657,7220,-563
E09000032,Wandsworth,Aged 35 years,6390,6579,-189
E09000032,Wandsworth,Aged 36 years,6119,6293,-174
E09000032,Wandsworth,Aged 37 years,5820,5857,-37
E09000032,Wandsworth,Aged 38 years,5570,5580,-10
E09000032,Wandsworth,Aged 39 years,5390,5212,178
E09000032,Wandsworth,Aged 4 years,3494,3723,-229
E09000032,Wandsworth,Aged 40 years,5366,4963,403
E09000032,Wandsworth,Aged 41 years,5145,4678,467
E09000032,Wandsworth,Aged 42 years,4917,4431,486
E09000032,Wandsworth,Aged 43 years,4690,4280,410
E09000032,Wandsworth,Aged 44 years,4470,4190,280
E09000032,Wandsworth,Aged 45 years,4352,3999,353
E09000032,Wandsworth,Aged 46 years,4215,3702,513
E09000032,Wandsworth,Aged 47 years,4156,3779,377
E09000032,Wandsworth,Aged 48 years,4175,3519,656
E09000032,Wandsworth,Aged 49 years,3919,3101,818
E09000032,Wandsworth,Aged 5 years,3401,3288,113
E09000032,Wandsworth,Aged 50 years,3958,3231,727
E09000032,Wandsworth,Aged 51 years,3803,2965,838
E09000032,Wandsworth,Aged 52 years,3863,2748,1115
E09000032,Wandsworth,Aged 53 years,3650,2544,1106
E09000032,Wandsworth,Aged 54 years,3528,2600,928
E09000032,Wandsworth,Aged 55 years,3601,2444,1157
E09000032,Wandsworth,Aged 56 years,3361,2322,1039
E09000032,Wandsworth,Aged 57 years,3212,2262,950
E09000032,Wandsworth,Aged 58 years,3109,2212,897
E09000032,Wandsworth,Aged 59 years,2941,2111,830
E09000032,Wandsworth,Aged 6 years,3479,3019,460
E09000032,Wandsworth,Aged 60 years,2808,2106,702
E09000032,Wandsworth,Aged 61 years,2549,2121,428
E09000032,Wandsworth,Aged 62 years,2350,2123,227
E09000032,Wandsworth,Aged 63 years,2187,2157,30
E09000032,Wandsworth,Aged 64 years,2218,2151,67
E09000032,Wandsworth,Aged 65 years,1897,1634,263
E09000032,Wandsworth,Aged 66 years,1844,1700,144
E09000032,Wandsworth,Aged 67 years,1851,1525,326
E09000032,Wandsworth,Aged 68 years,1812,1562,250
E09000032,Wandsworth,Aged 69 years,1696,1289,407
E09000032,Wandsworth,Aged 7 years,3288,2923,365
E09000032,Wandsworth,Aged 70 years,1705,1404,301
E09000032,Wandsworth,Aged 71 years,1655,1428,227
E09000032,Wandsworth,Aged 72 years,1623,1397,226
E09000032,Wandsworth,Aged 73 years,1664,1284,380
E09000032,Wandsworth,Aged 74 years,1635,1232,403
E09000032,Wandsworth,Aged 75 years,1251,1173,78
E09000032,Wandsworth,Aged 76 years,1309,1074,235
E09000032,Wandsworth,Aged 77 years,1087,1008,79
E09000032,Wandsworth,Aged 78 years,1160,921,239
E09000032,Wandsworth,Aged 79 years,917,950,-33
E09000032,Wandsworth,Aged 8 years,3430,2720,710
E09000032,Wandsworth,Aged 80 years,953,857,96
E09000032,Wandsworth,Aged 81 years,919,793,126
E09000032,Wandsworth,Aged 82 years,861,687,174
E09000032,Wandsworth,Aged 83 years,758,681,77
E09000032,Wandsworth,Aged 84 years,717,619,98
E09000032,Wandsworth,Aged 85 and over,4024,3693,331
E09000032,Wandsworth,Aged 9 years,3309,2624,685
E09000032,Wandsworth,Aged under 1 year,4024,5188,-1164
E09000033,Westminster,Aged 1 year,1712,2692,-980
E09000033,Westminster,Aged 10 years,1730,1811,-81
E09000033,Westminster,Aged 11 years,1691,1791,-100
E09000033,Westminster,Aged 12 years,1707,1719,-12
E09000033,Westminster,Aged 13 years,1827,1691,136
E09000033,Westminster,Aged 14 years,1681,1653,28
E09000033,Westminster,Aged 15 years,1753,1576,177
E09000033,Westminster,Aged 16 years,1857,1601,256
E09000033,Westminster,Aged 17 years,1991,1773,218
E09000033,Westminster,Aged 18 years,2381,2210,171
E09000033,Westminster,Aged 19 years,2669,2837,-168
E09000033,Westminster,Aged 2 years,1676,2529,-853
E09000033,Westminster,Aged 20 years,3078,2691,387
E09000033,Westminster,Aged 21 years,3294,3084,210
E09000033,Westminster,Aged 22 years,3790,3466,324
E09000033,Westminster,Aged 23 years,4425,3882,543
E09000033,Westminster,Aged 24 years,4742,4367,375
E09000033,Westminster,Aged 25 years,4645,5014,-369
E09000033,Westminster,Aged 26 years,4733,5110,-377
E09000033,Westminster,Aged 27 years,4621,5488,-867
E09000033,Westminster,Aged 28 years,4663,5819,-1156
E09000033,Westminster,Aged 29 years,4590,6067,-1477
E09000033,Westminster,Aged 3 years,1599,2390,-791
E09000033,Westminster,Aged 30 years,4623,5811,-1188
E09000033,Westminster,Aged 31 years,4339,5714,-1375
E09000033,Westminster,Aged 32 years,4333,5455,-1122
E09000033,Westminster,Aged 33 years,3970,4984,-1014
E09000033,Westminster,Aged 34 years,3650,4757,-1107
E09000033,Westminster,Aged 35 years,3573,4365,-792
E09000033,Westminster,Aged 36 years,3362,4410,-1048
E09000033,Westminster,Aged 37 years,3027,4193,-1166
E09000033,Westminster,Aged 38 years,3020,3967,-947
E09000033,Westminster,Aged 39 years,3110,3742,-632
E09000033,Westminster,Aged 4 years,1654,2198,-544
E09000033,Westminster,Aged 40 years,2788,3370,-582
E09000033,Westminster,Aged 41 years,3056,3480,-424
E09000033,Westminster,Aged 42 years,2662,3380,-718
E09000033,Westminster,Aged 43 years,2735,3263,-528
E09000033,Westminster,Aged 44 years,2820,3223,-403
E09000033,Westminster,Aged 45 years,2612,2945,-333
E09000033,Westminster,Aged 46 years,2726,2944,-218
E09000033,Westminster,Aged 47 years,2826,2860,-34
E09000033,Westminster,Aged 48 years,2838,2665,173
E09000033,Westminster,Aged 49 years,2753,2576,177
E09000033,Westminster,Aged 5 years,1573,2180,-607
E09000033,Westminster,Aged 50 years,2773,2639,134
E09000033,Westminster,Aged 51 years,2765,2421,344
E09000033,Westminster,Aged 52 years,2933,2259,674
E09000033,Westminster,Aged 53 years,3012,2132,880
E09000033,Westminster,Aged 54 years,2898,2131,767
E09000033,Westminster,Aged 55 years,2719,2200,519
E09000033,Westminster,Aged 56 years,2616,1955,661
E09000033,Westminster,Aged 57 years,2417,1941,476
E09000033,Westminster,Aged 58 years,2393,1954,439
E09000033,Westminster,Aged 59 years,2282,1948,334
E09000033,Westminster,Aged 6 years,1539,1984,-445
E09000033,Westminster,Aged 60 years,2249,1823,426
E09000033,Westminster,Aged 61 years,1998,1847,151
E09000033,Westminster,Aged 62 years,1824,1860,-36
E09000033,Westminster,Aged 63 years,1847,1850,-3
E09000033,Westminster,Aged 64 years,1662,1825,-163
E09000033,Westminster,Aged 65 years,1645,1641,4
E09000033,Westminster,Aged 66 years,1462,1576,-114
E09000033,Westminster,Aged 67 years,1443,1452,-9
E09000033,Westminster,Aged 68 years,1356,1338,18
E09000033,Westminster,Aged 69 years,1404,1183,221
E09000033,Westminster,Aged 7 years,1447,1907,-460
E09000033,Westminster,Aged 70 years,1336,1246,90
E09000033,Westminster,Aged 71 years,1255,1248,7
E09000033,Westminster,Aged 72 years,1310,1282,28
E09000033,Westminster,Aged 73 years,1236,1136,100
E09000033,Westminster,Aged 74 years,1198,1105,93
E09000033,Westminster,Aged 75 years,1093,1105,-12
E09000033,Westminster,Aged 76 years,1012,1013,-1
E09000033,Westminster,Aged 77 years,928,938,-10
E09000033,Westminster,Aged 78 years,889,926,-37
E09000033,Westminster,Aged 79 years,820,804,16
E09000033,Westminster,Aged 8 years,1570,1878,-308
E09000033,Westminster,Aged 80 years,682,798,-116
E09000033,Westminster,Aged 81 years,694,737,-43
E09000033,Westminster,Aged 82 years,682,716,-34
E09000033,Westminster,Aged 83 years,637,640,-3
E09000033,Westminster,Aged 84 years,582,530,52
E09000033,Westminster,Aged 85 and over,3118,3100,18
E09000033,Westminster,Aged 9 years,1748,1777,-29
E09000033,Westminster,Aged under 1 year,1861,2808,-947
